10 0.4265625 0.47265625 0.225 0.1734375
5 0.46015625 0.13828125 0.1578125 0.1796875
10 0.25 0.4625 0.0875 0.184375
5 0.81484375 0.196875 0.0953125 0.10625
0 0.80234375 0.5125 0.0515625 0.09375
0 0.86171875 0.5140625 0.0671875 0.090625
10 0.81015625 0.09921875 0.1640625 0.1984375
3 0.7484375 0.140625 0.053125 0.090625
3 0.86640625 0.1546875 0.0421875 0.090625
10 0.19765625 0.88828125 0.1640625 0.2234375
2 0.19375 0.69765625 0.065625 0.0296875
5 0.8109375 0.5703125 0.084375 0.021875
10 0.82265625 0.8234375 0.1703125 0.33125
3 0.57734375 0.64140625 0.0765625 0.1046875
2 0.80703125 0.58671875 0.0734375 0.0296875