10 0.16015625 0.3 0.2953125 0.3
8 0.1796875 0.225 0.359375 0.45
10 0.5359375 0.071875 0.303125 0.14375
0 0.465625 0.3796875 0.1 0.140625
0 0.6375 0.378125 0.121875 0.14375
3 0.4140625 0.18828125 0.090625 0.0734375
3 0.703125 0.1734375 0.075 0.071875
10 0.103125 0.62109375 0.20625 0.2796875
0 0.05625 0.97421875 0.1125 0.0515625
3 0.0734375 0.8125 0.109375 0.0875
10 0.83125 0.584375 0.265625 0.246875
0 0.8671875 0.91484375 0.1 0.1328125
0 0.7390625 0.946875 0.096875 0.10625
3 0.65078125 0.73828125 0.0609375 0.0703125