10 0.0296875 0.39765625 0.059375 0.1828125
5 0.05546875 0.23671875 0.1109375 0.0703125
10 0.23984375 0.41640625 0.2171875 0.1453125
2 0.04375 0.265625 0.0875 0.040625
2 0.2296875 0.309375 0.06875 0.01875
5 0.721875 0.0796875 0.04375 0.159375
10 0.36640625 0.73515625 0.1921875 0.1734375
0 0.3875 0.971875 0.071875 0.05625
0 0.2875 0.9765625 0.078125 0.046875
5 0.38828125 0.5890625 0.1234375 0.0625
3 0.24375 0.846875 0.053125 0.05
3 0.52734375 0.846875 0.0421875 0.0625
2 0.38984375 0.6234375 0.0796875 0.01875
10 0.80234375 0.759375 0.2046875 0.240625
5 0.7984375 0.52578125 0.196875 0.0734375
2 0.834375 0.5703125 0.1125 0.021875
3 0.7453125 0.94609375 0.090625 0.0765625
3 0.93125 0.87578125 0.05625 0.0703125