8 0.23828125 0.2546875 0.4765625 0.509375
10 0.21015625 0.31484375 0.3890625 0.3890625
10 0.55859375 0.1828125 0.1578125 0.2
0 0.5921875 0.4625 0.1 0.09375
5 0.52734375 0.01328125 0.0953125 0.0265625
2 0.521875 0.03515625 0.084375 0.0171875
3 0.64296875 0.30234375 0.0515625 0.0578125
4 0.240625 0.74765625 0.0515625 0.0890625
10 0.884375 0.58984375 0.23125 0.1609375
0 0.94296875 0.93046875 0.1140625 0.1390625
0 0.82890625 0.89296875 0.1703125 0.1390625
3 0.76484375 0.68125 0.0546875 0.071875
3 0.96796875 0.71015625 0.0640625 0.0765625