10 0.2546875 0.41875 0.190625 0.28125
8 0.22890625 0.3203125 0.2421875 0.478125
10 0.73125 0.35859375 0.3875 0.3203125
5 0.74375 0.0703125 0.246875 0.109375
2 0.79453125 0.12578125 0.1421875 0.0296875
3 0.7171875 0.546875 0.109375 0.025
3 0.940625 0.509375 0.05 0.08125
0 0.0421875 0.87890625 0.084375 0.1453125
8 0.0828125 0.75859375 0.165625 0.3984375
10 0.6140625 0.61171875 0.13125 0.1046875
0 0.584375 0.7796875 0.05 0.06875
0 0.659375 0.7921875 0.0609375 0.06875
8 0.62578125 0.6984375 0.2203125 0.278125