10 0.27109375 0.0828125 0.5421875 0.165625
8 0.26796875 0.2296875 0.5359375 0.459375
10 0.8390625 0.23828125 0.215625 0.1765625
5 0.8078125 0.0796875 0.115625 0.05
3 0.75078125 0.353125 0.0578125 0.053125
3 0.96171875 0.34140625 0.0578125 0.0546875
2 0.815625 0.109375 0.09375 0.01875
8 0.21796875 0.69140625 0.3140625 0.4640625
10 0.20625 0.55546875 0.259375 0.1921875
0 0.17265625 0.8578125 0.134375 0.1328125
0 0.3015625 0.83515625 0.16875 0.1140625
10 0.825 0.61640625 0.28125 0.2796875
0 0.746875 0.9609375 0.128125 0.078125
0 0.9109375 0.96875 0.090625 0.0625
3 0.6859375 0.78203125 0.075 0.0734375
3 0.9546875 0.79609375 0.090625 0.0765625