10 0.36640625 0.2109375 0.1859375 0.253125
8 0.31796875 0.18984375 0.2828125 0.3796875
3 0.603125 0.18984375 0.2875 0.3796875
10 0.15625 0.83828125 0.3125 0.2703125
5 0.165625 0.59140625 0.20625 0.09375
8 0.20390625 0.77109375 0.4078125 0.4578125
10 0.71875 0.64296875 0.29375 0.2734375
0 0.66171875 0.97890625 0.1171875 0.0421875
0 0.82734375 0.9703125 0.1671875 0.059375
5 0.6703125 0.40234375 0.196875 0.0453125
2 0.6984375 0.43046875 0.146875 0.0296875
3 0.6078125 0.82890625 0.103125 0.0765625
3 0.88984375 0.79296875 0.0546875 0.0765625