10 0.0390625 0.39765625 0.078125 0.3203125
10 0.13671875 0.346875 0.0921875 0.275
10 0.275 0.3546875 0.14375 0.275
10 0.859375 0.271875 0.228125 0.20625
0 0.796875 0.5765625 0.08125 0.11875
0 0.93828125 0.57109375 0.1109375 0.1140625
5 0.84296875 0.08515625 0.1421875 0.0640625
3 0.74453125 0.409375 0.0671875 0.053125
3 0.98046875 0.396875 0.0390625 0.059375
2 0.85 0.121875 0.11875 0.021875
0 0.03125 0.815625 0.0625 0.1125
10 0.71484375 0.90390625 0.1703125 0.1921875
8 0.71328125 0.8796875 0.2890625 0.240625