10 0.3421875 0.23515625 0.053125 0.1828125
10 0.05546875 0.28515625 0.1109375 0.1890625
10 0.18359375 0.24453125 0.1421875 0.2140625
2 0.040625 0.1484375 0.05625 0.021875
2 0.15859375 0.11640625 0.0640625 0.0234375
10 0.1359375 0.846875 0.06875 0.096875
10 0.34609375 0.83515625 0.0453125 0.0859375
10 0.05546875 0.84921875 0.0453125 0.0859375
10 0.3140625 0.83125 0.078125 0.09375
10 0.1921875 0.83125 0.065625 0.10625
3 0.1203125 0.85859375 0.015625 0.0203125
3 0.19296875 0.86484375 0.0171875 0.0203125
2 0.05625 0.79453125 0.021875 0.0109375
2 0.18125 0.7828125 0.021875 0.009375
2 0.3046875 0.765625 0.01875 0.009375
2 0.35625 0.76875 0.025 0.009375
8 0.72421875 0.58828125 0.3421875 0.4171875
10 0.72109375 0.46328125 0.2328125 0.1671875
0 0.653125 0.73125 0.0890625 0.115625
0 0.79609375 0.73046875 0.090625 0.1171875