10 0.5046875 0.06328125 0.06875 0.1265625
10 0.40546875 0.03828125 0.0890625 0.0765625
10 0.08046875 0.08515625 0.1515625 0.1703125
10 0.22890625 0.05078125 0.1421875 0.1015625
0 0.06171875 0.375 0.0734375 0.078125
0 0.115625 0.3484375 0.075 0.08125
0 0.21484375 0.3578125 0.0765625 0.078125
0 0.25390625 0.3453125 0.0671875 0.08125
0 0.35859375 0.33671875 0.0734375 0.0890625
0 0.41328125 0.33203125 0.0546875 0.0796875
0 0.49296875 0.32421875 0.0546875 0.0765625
0 0.5265625 0.328125 0.025 0.075
3 0.73671875 0.13984375 0.3953125 0.2796875
10 0.88359375 0.4671875 0.2328125 0.096875
0 0.83515625 0.7828125 0.1359375 0.165625
0 0.96015625 0.7515625 0.0796875 0.15
3 0.8015625 0.5703125 0.109375 0.084375