10 0.49375 0.14453125 0.05 0.2265625
10 0.3796875 0.14765625 0.1078125 0.24375
10 0.67578125 0.0921875 0.1296875 0.11875
0 0.653125 0.278125 0.05625 0.071875
0 0.6875 0.259375 0.046875 0.059375
5 0.6671875 0.00546875 0.084375 0.0109375
3 0.59296875 0.16953125 0.0359375 0.0265625
3 0.7625 0.1640625 0.028125 0.0375
2 0.66875 0.009375 0.065625 0.009375
10 0.1328125 0.896875 0.265625 0.20625
5 0.1015625 0.66484375 0.203125 0.0515625
2 0.109375 0.7046875 0.1875 0.0375
3 0.696875 0.784375 0.35625 0.290625