10 0.315625 0.4234375 0.06875 0.096875
10 0.52890625 0.41171875 0.0515625 0.0859375
10 0.14609375 0.446875 0.0390625 0.065625
10 0.23515625 0.42578125 0.0453125 0.0859375
10 0.01171875 0.44765625 0.0234375 0.0640625
10 0.49375 0.4078125 0.078125 0.09375
10 0.371875 0.4078125 0.065625 0.10625
3 0.0453125 0.4265625 0.015625 0.021875
3 0.140625 0.4359375 0.015625 0.021875
3 0.171875 0.42421875 0.0125 0.0234375
3 0.3 0.43515625 0.015625 0.0203125
3 0.37265625 0.44140625 0.0171875 0.0203125
2 0.14609375 0.35859375 0.0234375 0.0171875
2 0.2359375 0.37109375 0.021875 0.0109375
2 0.3609375 0.359375 0.021875 0.009375
2 0.484375 0.3421875 0.01875 0.009375
2 0.5359375 0.3453125 0.025 0.009375
10 0.69375 0.22421875 0.25 0.2578125
5 0.68984375 0.01328125 0.1640625 0.0265625
2 0.68359375 0.0375 0.1515625 0.025
3 0.58046875 0.3859375 0.0234375 0.065625
3 0.825 0.38125 0.08125 0.071875
10 0.24140625 0.62890625 0.2953125 0.2640625
0 0.33125 0.96015625 0.121875 0.0796875
0 0.1765625 0.97265625 0.096875 0.0546875
3 0.05859375 0.81796875 0.0953125 0.0890625
3 0.4453125 0.77578125 0.0625 0.0796875
0 0.83359375 0.66796875 0.1609375 0.1265625
0 0.934375 0.634375 0.13125 0.109375
3 0.828125 0.5015625 0.075 0.04375