10 0.4109375 0.36171875 0.0625 0.14375
10 0.08046875 0.2640625 0.06875 0.0984375
10 0.29453125 0.25234375 0.0515625 0.0859375
10 0.01171875 0.26640625 0.0234375 0.0859375
10 0.259375 0.24765625 0.078125 0.09375
10 0.13671875 0.2484375 0.065625 0.10625
10 0.38046875 0.2640625 0.05 0.0984375
5 0.625 0.12109375 0.071875 0.1359375
10 0.840625 0.1453125 0.271875 0.20625
8 0.79453125 0.13515625 0.4109375 0.2703125
10 0.4015625 0.59453125 0.28125 0.2515625
0 0.325 0.93984375 0.1 0.1203125
0 0.4890625 0.93984375 0.10625 0.1203125
3 0.2671875 0.753125 0.078125 0.06875
3 0.5515625 0.7515625 0.075 0.075