10 0.2953125 0.29375 0.0625 0.14375
10 0.17890625 0.18359375 0.0515625 0.0859375
10 0.14375 0.1796875 0.078125 0.09375
10 0.02734375 0.1796875 0.0546875 0.10625
10 0.265625 0.1953125 0.05 0.096875
3 0.02265625 0.21328125 0.0171875 0.0203125
2 0.0109375 0.13125 0.021875 0.009375
2 0.134375 0.1140625 0.01875 0.009375
2 0.1859375 0.1171875 0.025 0.009375
2 0.265625 0.14140625 0.021875 0.0109375
10 0.95625 0.0828125 0.0875 0.165625
0 0.9515625 0.3953125 0.096875 0.06875
3 0.88203125 0.1609375 0.0578125 0.071875
3 0.97578125 0.2109375 0.0484375 0.08125
10 0.35546875 0.490625 0.2671875 0.121875
0 0.3140625 0.8 0.0890625 0.15625
0 0.453125 0.78984375 0.071875 0.1484375
8 0.30625 0.6546875 0.365625 0.45
10 0.6015625 0.45390625 0.18125 0.0484375
0 0.53359375 0.6140625 0.0671875 0.075
0 0.63359375 0.64609375 0.0640625 0.1046875
3 0.50625 0.50078125 0.034375 0.0484375
3 0.721875 0.4984375 0.05 0.05