3 0.109375 0.23359375 0.21875 0.4671875
10 0.66875 0.2046875 0.01875 0.134375
10 0.7078125 0.26171875 0.04375 0.115625
10 0.7796875 0.2546875 0.0625 0.140625
10 0.8609375 0.29609375 0.0515625 0.13125
10 0.98984375 0.25625 0.0203125 0.115625
10 0.51328125 0.715625 0.2921875 0.278125
2 0.4375 0.50703125 0.09375 0.0140625
3 0.4828125 0.89609375 0.084375 0.0796875
10 0.83671875 0.596875 0.1953125 0.178125
0 0.76875 0.8671875 0.071875 0.10625
0 0.8671875 0.85 0.09375 0.09375
3 0.71171875 0.71171875 0.0453125 0.0484375
3 0.98671875 0.69453125 0.0265625 0.0578125