3 0.0796875 0.27578125 0.159375 0.4671875
10 0.68515625 0.10703125 0.2859375 0.2140625
0 0.60859375 0.44453125 0.0890625 0.1296875
0 0.77265625 0.44296875 0.1109375 0.1328125
3 0.57109375 0.25078125 0.0640625 0.0734375
3 0.8390625 0.24609375 0.084375 0.0859375
10 0.42109375 0.59765625 0.2359375 0.1765625
0 0.4375 0.9375 0.184375 0.125
0 0.371875 0.88984375 0.153125 0.1265625
3 0.42421875 0.7296875 0.1109375 0.08125
10 0.6515625 0.76484375 0.225 0.2078125
5 0.62578125 0.58046875 0.1328125 0.0578125
2 0.63125 0.61640625 0.1 0.0234375
3 0.55390625 0.8953125 0.0296875 0.05
3 0.77421875 0.8828125 0.0546875 0.053125