4 0.1671875 0.13671875 0.0859375 0.096875
4 0.42734375 0.13046875 0.078125 0.1046875
10 0.6453125 0.165625 0.253125 0.265625
0 0.70390625 0.50625 0.1140625 0.046875
0 0.5796875 0.49375 0.121875 0.071875
3 0.74296875 0.3421875 0.0890625 0.078125
10 0.4 0.73125 0.2375 0.278125
2 0.38671875 0.5390625 0.1546875 0.01875
3 0.26796875 0.875 0.0515625 0.06875
3 0.46015625 0.91328125 0.1046875 0.0765625
10 0.61796875 0.615625 0.1984375 0.171875
0 0.53046875 0.93359375 0.0234375 0.1328125
0 0.6546875 0.93359375 0.103125 0.1328125
3 0.71875 0.7328125 0.08125 0.071875