7 0.1953125 0.33984375 0.0875 0.0953125
7 0.29296875 0.23515625 0.075 0.1140625
10 0.7390625 0.27265625 0.3875 0.3203125
5 0.7515625 0.01953125 0.246875 0.0390625
2 0.80234375 0.03984375 0.1421875 0.0296875
3 0.725 0.47890625 0.109375 0.0609375
3 0.9484375 0.4234375 0.05 0.08125
3 0.06484375 0.7546875 0.1296875 0.490625
3 0.30625 0.7546875 0.165625 0.490625
10 0.7453125 0.8453125 0.290625 0.2875
5 0.75625 0.5890625 0.209375 0.090625
2 0.73671875 0.6390625 0.1578125 0.028125
3 0.55703125 0.97578125 0.0578125 0.0484375