7 0.3171875 0.08125 0.1875 0.0828125
4 0.0734375 0.46796875 0.146875 0.1734375
4 0.5375 0.4609375 0.103125 0.16875
10 0.884375 0.30703125 0.23125 0.2734375
5 0.896875 0.0609375 0.190625 0.096875
2 0.909375 0.11953125 0.159375 0.0234375
3 0.8625 0.2625 0.128125 0.078125
3 0.9546875 0.2796875 0.090625 0.08125
10 0.23046875 0.63359375 0.2671875 0.0890625
0 0.215625 0.9203125 0.175 0.134375
0 0.2890625 0.8765625 0.128125 0.1125
3 0.2015625 0.74453125 0.096875 0.0765625
3 0.390625 0.67421875 0.05625 0.0703125