4 0.3625 0.30546875 0.1125 0.2140625
10 0.528125 0.259375 0.209375 0.171875
5 0.50234375 0.10234375 0.1140625 0.0515625
3 0.446875 0.37578125 0.05625 0.0453125
3 0.646875 0.36484375 0.053125 0.0515625
2 0.50546875 0.134375 0.1015625 0.015625
0 0.1609375 0.73828125 0.178125 0.1296875
0 0.0859375 0.69296875 0.171875 0.1171875
3 0.025 0.49140625 0.05 0.0796875
3 0.23671875 0.54375 0.1109375 0.0875
10 0.565625 0.69375 0.20625 0.175
0 0.52890625 0.95 0.0640625 0.1
0 0.6484375 0.95078125 0.075 0.0984375
5 0.54609375 0.53359375 0.1171875 0.0515625
3 0.47109375 0.8078125 0.0578125 0.04375
3 0.67265625 0.8 0.0578125 0.05
2 0.54765625 0.565625 0.0890625 0.0125