7 0.25234375 0.165625 0.134375 0.0640625
4 0.11640625 0.5296875 0.0953125 0.1
4 0.35859375 0.52265625 0.0796875 0.103125
10 0.8578125 0.56484375 0.0625 0.0296875
10 0.52734375 0.525 0.06875 0.0984375
10 0.74140625 0.51328125 0.0515625 0.0859375
10 0.44765625 0.52734375 0.0453125 0.0859375
10 0.70625 0.50859375 0.078125 0.09375
10 0.58359375 0.509375 0.065625 0.10625
10 0.82734375 0.525 0.05 0.0984375
10 0.25859375 0.92265625 0.0390625 0.0671875
10 0.34765625 0.90078125 0.0453125 0.0859375
10 0.10859375 0.94140625 0.0546875 0.1015625
3 0.1125 0.9578125 0.021875 0.021875
3 0.1578125 0.9015625 0.015625 0.021875
3 0.253125 0.9109375 0.015625 0.021875
3 0.284375 0.89921875 0.0125 0.0234375
2 0.10234375 0.8703125 0.0265625 0.0125
2 0.25859375 0.83359375 0.0234375 0.0171875
2 0.3484375 0.84609375 0.021875 0.0109375
10 0.8703125 0.8125 0.259375 0.265625
5 0.8734375 0.5921875 0.190625 0.025
8 0.82109375 0.78984375 0.3578125 0.4203125