3 0.21484375 0.25625 0.4296875 0.365625
10 0.75234375 0.0546875 0.2453125 0.109375
0 0.7578125 0.33828125 0.196875 0.1265625
0 0.8234375 0.29765625 0.128125 0.1140625
3 0.7828125 0.15703125 0.06875 0.0546875
10 0.15078125 0.709375 0.234375 0.225
0 0.2 0.98046875 0.078125 0.0390625
0 0.05859375 0.98359375 0.0890625 0.0328125
5 0.15390625 0.51640625 0.153125 0.0984375
8 0.16328125 0.73203125 0.3265625 0.5359375
10 0.70546875 0.70859375 0.215625 0.1765625
0 0.6875 0.9578125 0.078125 0.084375
0 0.80859375 0.9578125 0.0859375 0.084375
5 0.675 0.55 0.115625 0.05
8 0.7140625 0.7625 0.325 0.475