0 0.1140625 0.3515625 0.228125 0.396875
5 0.2578125 0.0609375 0.303125 0.121875
10 0.64609375 0.4 0.0640625 0.11875
10 0.4625 0.38515625 0.05625 0.115625
10 0.5390625 0.36796875 0.065625 0.1078125
10 0.853125 0.4375 0.04375 0.0984375
10 0.92421875 0.39140625 0.0453125 0.084375
10 0.98515625 0.3796875 0.0296875 0.078125
8 0.33046875 0.7578125 0.1578125 0.415625
10 0.35390625 0.61796875 0.1109375 0.1359375
0 0.35546875 0.8953125 0.1078125 0.13125
10 0.70546875 0.7015625 0.1640625 0.303125
5 0.70703125 0.8765625 0.1078125 0.109375
3 0.6640625 0.81171875 0.059375 0.0921875
3 0.765625 0.82734375 0.04375 0.0984375