0 0.4140625 0.259375 0.315625 0.51875
0 0.1328125 0.196875 0.265625 0.39375
0 0.63671875 0.24765625 0.0734375 0.1140625
10 0.2109375 0.865625 0.259375 0.26875
5 0.2234375 0.61875 0.19375 0.084375
2 0.1984375 0.67265625 0.14375 0.0234375
3 0.07734375 0.990625 0.0546875 0.01875
10 0.8734375 0.59375 0.171875 0.15
0 0.8765625 0.97265625 0.05 0.0546875
0 0.93203125 0.97578125 0.0671875 0.0484375
5 0.8703125 0.709375 0.121875 0.125
3 0.8125 0.6515625 0.040625 0.103125
3 0.93046875 0.6515625 0.0515625 0.10625