0 0.13203125 0.21953125 0.2640625 0.4390625
10 0.60078125 0.0328125 0.1609375 0.065625
0 0.59140625 0.42265625 0.0546875 0.0828125
0 0.65078125 0.42734375 0.0546875 0.0734375
10 0.2328125 0.69609375 0.153125 0.3203125
10 0.0328125 0.634375 0.065625 0.240625
10 0.634375 0.66171875 0.275 0.2734375
0 0.7109375 0.9828125 0.096875 0.034375
0 0.5546875 0.97734375 0.121875 0.0453125
2 0.63046875 0.47421875 0.1515625 0.0109375
3 0.49453125 0.82421875 0.0734375 0.0734375
3 0.76953125 0.8328125 0.0890625 0.071875