3 0.29140625 0.1546875 0.5828125 0.309375
10 0.975 0.23828125 0.05 0.1390625
8 0.94140625 0.20234375 0.1171875 0.2140625
10 0.465625 0.57421875 0.25625 0.2640625
0 0.46328125 0.93671875 0.1859375 0.1140625
0 0.440625 0.88671875 0.165625 0.1015625
5 0.48359375 0.3453125 0.2015625 0.071875
3 0.3375 0.72578125 0.1 0.0796875
2 0.4328125 0.38046875 0.1 0.0296875
10 0.93671875 0.57734375 0.1265625 0.1796875
0 0.9359375 0.85703125 0.071875 0.1078125
0 0.9828125 0.82578125 0.034375 0.0859375
5 0.95390625 0.409375 0.0921875 0.05625
2 0.9640625 0.4421875 0.071875 0.015625
3 0.85703125 0.69765625 0.0578125 0.0484375