4 0.14921875 0.265625 0.0671875 0.0890625
10 0.40234375 0.1 0.0453125 0.2
5 0.98359375 0.071875 0.0328125 0.0625
10 0.75625 0.08515625 0.046875 0.1703125
10 0.6109375 0.0890625 0.0625 0.178125
10 0.6875 0.10859375 0.09375 0.2171875
10 0.8125 0.1140625 0.08125 0.228125
10 0.5296875 0.13125 0.09375 0.2625
10 0.96484375 0.2609375 0.0703125 0.26875
0 0.90234375 0.4578125 0.05 0.078125
0 0.43125 0.459375 0.08125 0.10625
0 0.87421875 0.43203125 0.059375 0.059375
0 0.82734375 0.396875 0.0515625 0.071875
0 0.4984375 0.459375 0.05 0.075
8 0.046875 0.8296875 0.09375 0.340625
0 0.03515625 0.965625 0.0703125 0.06875
1 0.71640625 0.98359375 0.0734375 0.0328125
1 0.63125 0.98125 0.071875 0.0375
9 0.6609375 0.8296875 0.5625 0.340625