9 0.209375 0.29453125 0.41875 0.5890625
4 0.1875 0.26484375 0.078125 0.15
4 0.25859375 0.259375 0.08125 0.153125
6 0.2109375 0.0421875 0.21875 0.084375
7 0.22109375 0.14765625 0.1375 0.0609375
5 0.5046875 0.11640625 0.090625 0.0890625
10 0.51796875 0.40078125 0.1734375 0.3203125
3 0.665625 0.2 0.05625 0.11875
2 0.5046875 0.1609375 0.071875 0.03125
7 0.4 0.75078125 0.0375 0.0828125
7 0.13046875 0.9109375 0.10625 0.09375
8 0.64296875 0.79453125 0.4078125 0.4109375
5 0.640625 0.6109375 0.090625 0.04375
10 0.6515625 0.840625 0.14375 0.2625
3 0.8296875 0.6546875 0.059375 0.0984375
3 0.45625 0.67109375 0.075 0.1046875