9 0.3296875 0.43671875 0.36875 0.3046875
4 0.1734375 0.37734375 0.075 0.0671875
4 0.47734375 0.38671875 0.0703125 0.0859375
6 0.3296875 0.30390625 0.1125 0.0546875
7 0.3328125 0.3546875 0.0640625 0.028125
7 0.83046875 0.034375 0.0859375 0.06875
4 0.85859375 0.36171875 0.1328125 0.153125
4 0.5296875 0.9390625 0.11875 0.121875
4 0.37734375 0.928125 0.1640625 0.14375
4 0.0875 0.95859375 0.16875 0.0828125
5 0.78359375 0.64375 0.0890625 0.1
10 0.80078125 0.8609375 0.1609375 0.234375
2 0.78984375 0.68359375 0.0546875 0.0203125
3 0.70859375 0.703125 0.0546875 0.090625
3 0.87421875 0.7015625 0.0578125 0.090625