5 0.4140625 0.20703125 0.1171875 0.0515625
8 0.4046875 0.28828125 0.209375 0.2015625
5 0.30078125 0.46640625 0.078125 0.08125
5 0.15390625 0.56015625 0.04375 0.06875
5 0.26015625 0.5765625 0.021875 0.0390625
5 0.4015625 0.59765625 0.028125 0.0421875
10 0.5 0.66953125 0.01875 0.1953125
10 0.15859375 0.71953125 0.0796875 0.2265625
10 0.4015625 0.7234375 0.059375 0.15625
10 0.2828125 0.79375 0.14375 0.3984375
4 0.52421875 0.91328125 0.0296875 0.1640625
4 0.721875 0.9109375 0.0421875 0.159375
7 0.6203125 0.40859375 0.04375 0.0390625