3 0.0921875 0.18984375 0.0671875 0.10625
5 0.94375 0.01484375 0.040625 0.0296875
10 0.87890625 0.0921875 0.0484375 0.184375
10 0.7328125 0.0953125 0.0625 0.190625
10 0.809375 0.11484375 0.09375 0.2296875
10 0.934375 0.1234375 0.08125 0.234375
10 0.6515625 0.14453125 0.09375 0.2640625
0 0.57265625 0.471875 0.0453125 0.10625
0 0.98359375 0.4453125 0.0328125 0.059375
0 0.94921875 0.409375 0.0515625 0.071875
0 0.62109375 0.471875 0.0484375 0.075
0 0.69921875 0.45859375 0.0359375 0.0859375
0 0.77109375 0.453125 0.0359375 0.084375
0 0.84375 0.45859375 0.028125 0.0765625
0 0.8828125 0.40390625 0.034375 0.0703125
3 0.5578125 0.2109375 0.015625 0.065625
3 0.60390625 0.2640625 0.0203125 0.04375
10 0.396875 0.7234375 0.1875 0.246875