7 0.15234375 0.1734375 0.096875 0.2
4 0.0796875 0.25625 0.071875 0.2953125
4 0.2421875 0.2671875 0.090625 0.25
10 0.67578125 0.22890625 0.0515625 0.3203125
3 0.7640625 0.04453125 0.059375 0.0890625
5 0.290625 0.6796875 0.08125 0.08125
10 0.31171875 0.896875 0.1609375 0.20625
2 0.29140625 0.728125 0.0703125 0.01875
3 0.0640625 0.7484375 0.075 0.096875
3 0.525 0.7171875 0.071875 0.096875
7 0.85859375 0.65625 0.071875 0.14375
4 0.75078125 0.5890625 0.1140625 0.159375
4 0.94921875 0.5953125 0.1015625 0.171875