7 0.3296875 0.0953125 0.0703125 0.153125
4 0.40390625 0.225 0.0859375 0.2265625
4 0.2625 0.2421875 0.0875 0.2390625
10 0.59140625 0.24453125 0.2828125 0.4890625
5 0.35234375 0.66484375 0.1953125 0.3515625
3 0.31875 0.92109375 0.221875 0.1578125
0 0.08125 0.80625 0.1625 0.3875
5 0.571875 0.50859375 0.0625 0.0390625
5 0.87890625 0.5609375 0.0484375 0.0875
5 0.71875 0.584375 0.046875 0.071875
5 0.9359375 0.59375 0.0375 0.0625
5 0.80078125 0.59921875 0.0328125 0.0515625
5 0.99453125 0.6265625 0.0109375 0.090625
10 0.5609375 0.71171875 0.103125 0.2890625
10 0.94453125 0.7328125 0.0484375 0.1875
10 0.7984375 0.73671875 0.0625 0.1921875
10 0.875 0.7453125 0.09375 0.253125
10 0.9796875 0.765625 0.040625 0.234375
10 0.7171875 0.78671875 0.09375 0.2640625
3 0.51796875 0.87734375 0.0390625 0.0859375
3 0.62109375 0.853125 0.0203125 0.065625
3 0.66953125 0.90625 0.0203125 0.04375