4 0.2296875 0.18828125 0.0890625 0.11875
4 0.34609375 0.19375 0.08125 0.1453125
7 0.29296875 0.01875 0.0515625 0.0375
10 0.90859375 0.16875 0.1828125 0.3375
10 0.72109375 0.6171875 0.0546875 0.034375
10 0.53984375 0.625 0.0390625 0.05
10 0.60546875 0.62578125 0.0484375 0.0515625
10 0.67109375 0.634375 0.0421875 0.06875
10 0.7828125 0.64453125 0.059375 0.0890625
0 0.765625 0.7984375 0.025 0.06875
0 0.80078125 0.80078125 0.0265625 0.0765625
0 0.73359375 0.7828125 0.0265625 0.0375
0 0.70390625 0.77421875 0.0265625 0.0328125
0 0.52734375 0.765625 0.0234375 0.0625
0 0.5453125 0.75859375 0.025 0.0578125
0 0.61484375 0.7625 0.0265625 0.053125
0 0.58984375 0.7578125 0.0296875 0.053125
0 0.64921875 0.7578125 0.0234375 0.03125