7 0.11640625 0.08984375 0.2328125 0.0734375
4 0.8765625 0.37890625 0.2 0.1796875
5 0.06328125 0.5796875 0.065625 0.075
5 0.29375 0.63125 0.0328125 0.046875
5 0.50078125 0.68046875 0.0171875 0.0640625
5 0.021875 0.69453125 0.025 0.0515625
5 0.1625 0.703125 0.034375 0.03125
10 0.29375 0.775 0.071875 0.1859375
10 0.165625 0.82421875 0.0625 0.159375
10 0.48515625 0.88203125 0.0484375 0.2359375
10 0.06171875 0.85390625 0.1234375 0.2921875
10 0.815625 0.81875 0.325 0.3625
5 0.80078125 0.490625 0.2578125 0.04375
2 0.79375 0.5109375 0.1625 0.08125