3 0.41171875 0.18984375 0.0328125 0.10625
3 0.55234375 0.17578125 0.028125 0.1140625
7 0.65078125 0.190625 0.0640625 0.046875
4 0.675 0.484375 0.1125 0.078125
5 0.19921875 0.56484375 0.0484375 0.0296875
5 0.040625 0.571875 0.046875 0.04375
5 0.2578125 0.57421875 0.0375 0.0484375
5 0.121875 0.575 0.034375 0.05
5 0.33125 0.6015625 0.040625 0.090625
5 0.50625 0.7015625 0.059375 0.0625
10 0.265625 0.70703125 0.046875 0.1875
10 0.1203125 0.7109375 0.0625 0.19375
10 0.196875 0.7203125 0.09375 0.253125
10 0.321875 0.740625 0.08125 0.234375
10 0.04296875 0.76015625 0.0859375 0.2640625
10 0.49296875 0.878125 0.1078125 0.24375
10 0.93671875 0.88671875 0.1265625 0.2265625
5 0.95546875 0.6484375 0.0828125 0.078125
2 0.9578125 0.703125 0.06875 0.028125
3 0.81640625 0.771875 0.0671875 0.125