4 0.328125 0.31484375 0.0859375 0.1234375
7 0.25 0.19921875 0.059375 0.075
5 0.5609375 0.02109375 0.078125 0.0421875
5 0.79140625 0.05703125 0.034375 0.0578125
5 0.42265625 0.0953125 0.0265625 0.06875
5 0.52109375 0.1125 0.021875 0.0390625
5 0.6625 0.13359375 0.028125 0.0421875
10 0.7890625 0.20625 0.075 0.1953125
10 0.434375 0.25546875 0.05 0.2265625
10 0.6625 0.259375 0.059375 0.15625
10 0.9828125 0.29765625 0.034375 0.2421875
10 0.54375 0.27421875 0.14375 0.2890625
4 0.35859375 0.965625 0.0328125 0.06875
7 0.403125 0.5796875 0.0125 0.06875
7 0.59375 0.51953125 0.040625 0.046875
7 0.85703125 0.48359375 0.0390625 0.053125
4 0.81796875 0.6734375 0.0546875 0.0890625
4 0.91015625 0.66875 0.0484375 0.0828125