4 0.0984375 0.09296875 0.071875 0.1859375
4 0.2609375 0.075 0.0875 0.15
5 0.65859375 0.18515625 0.078125 0.08125
5 0.88828125 0.23984375 0.034375 0.0578125
5 0.61796875 0.2953125 0.021875 0.0390625
5 0.759375 0.31640625 0.028125 0.0421875
10 0.8859375 0.325 0.075 0.06875
10 0.06640625 0.5296875 0.1328125 0.234375
0 0.03046875 0.97890625 0.0609375 0.0421875
0 0.1234375 0.96875 0.090625 0.0625
3 0.12578125 0.3875 0.0578125 0.05625
0 0.74765625 0.9828125 0.0515625 0.034375
0 0.803125 0.9796875 0.065625 0.040625
10 0.75234375 0.5234375 0.1640625 0.265625
3 0.56875 0.38359375 0.0375 0.0484375
3 0.91328125 0.371875 0.0609375 0.025