4 0.14921875 0.45546875 0.0328125 0.1078125
4 0.27109375 0.44921875 0.0265625 0.109375
7 0.20703125 0.05859375 0.0328125 0.06875
10 0.88984375 0.30390625 0.2203125 0.4109375
10 0.24921875 0.55078125 0.0546875 0.0828125
10 0.06796875 0.55859375 0.0390625 0.0984375
10 0.13359375 0.559375 0.0484375 0.1
10 0.19921875 0.56875 0.0421875 0.115625
10 0.3109375 0.578125 0.059375 0.1375
0 0.29375 0.75625 0.025 0.06875
0 0.32890625 0.75859375 0.0265625 0.0765625
0 0.26171875 0.740625 0.0265625 0.0375
0 0.23203125 0.73203125 0.0265625 0.0328125
0 0.05546875 0.7234375 0.0234375 0.0625
0 0.0734375 0.71640625 0.025 0.0578125
0 0.14296875 0.7203125 0.0265625 0.053125
0 0.11796875 0.715625 0.0296875 0.053125
0 0.17734375 0.715625 0.0234375 0.03125