7 0.28125 0.02265625 0.140625 0.0453125
10 0.60625 0.075 0.1375 0.15
4 0.31640625 0.978125 0.2109375 0.04375
4 0.11796875 0.9671875 0.1640625 0.065625
5 0.5875 0.42734375 0.065625 0.0359375
5 0.81796875 0.459375 0.0328125 0.046875
5 0.5453125 0.52265625 0.025 0.0515625
5 0.6859375 0.53125 0.034375 0.03125
10 0.8171875 0.60390625 0.071875 0.1859375
10 0.6890625 0.653125 0.0625 0.159375
10 0.58359375 0.74375 0.1296875 0.415625
2 0.58203125 0.44921875 0.0578125 0.0640625
0 0.78203125 0.89765625 0.0390625 0.0828125
0 0.8390625 0.903125 0.028125 0.075