10 0.18671875 0.14453125 0.1796875 0.2890625
10 0.371875 0.1796875 0.134375 0.359375
10 0.675 0.234375 0.175 0.25
2 0.66328125 0.0578125 0.0578125 0.021875
3 0.44765625 0.2109375 0.0171875 0.075
3 0.9078125 0.175 0.0625 0.065625
5 0.37421875 0.4109375 0.1296875 0.103125
10 0.35 0.76640625 0.1015625 0.221875
10 0.07265625 0.77109375 0.0875 0.1015625
10 0.2125 0.79765625 0.16875 0.2796875
5 0.2078125 0.9140625 0.084375 0.171875
10 0.0765625 0.90703125 0.153125 0.1859375
10 0.371875 0.90859375 0.134375 0.1828125
7 0.9375 0.403125 0.125 0.075
4 0.60546875 0.8578125 0.1703125 0.109375