10 0.225 0.3703125 0.1859375 0.4015625
5 0.60390625 0.00859375 0.0859375 0.0171875
10 0.62734375 0.26640625 0.1546875 0.1578125
0 0.58671875 0.66328125 0.0640625 0.0890625
0 0.66328125 0.659375 0.0640625 0.09375
2 0.6078125 0.03046875 0.0625 0.0265625
3 0.71953125 0.03671875 0.0609375 0.0734375
10 0.29453125 0.86484375 0.2265625 0.2703125
10 0.51171875 0.86484375 0.0765625 0.2703125
5 0.59609375 0.75546875 0.0484375 0.0515625
5 0.653125 0.7703125 0.0375 0.0625
5 0.7265625 0.803125 0.040625 0.090625
5 0.9015625 0.903125 0.059375 0.0625
10 0.66171875 0.9078125 0.0484375 0.184375
10 0.59453125 0.89765625 0.0890625 0.2046875
10 0.7171875 0.9125 0.08125 0.175
2 0.8921875 0.9296875 0.04375 0.04375