10 0.5015625 0.13359375 0.134375 0.2671875
5 0.74140625 0.13828125 0.0859375 0.0859375
10 0.76953125 0.30703125 0.1640625 0.1046875
2 0.7484375 0.18515625 0.065625 0.0234375
3 0.5859375 0.21796875 0.034375 0.1078125
3 0.9359375 0.196875 0.059375 0.103125
11 0.25859375 0.7390625 0.1515625 0.240625
6 0.25390625 0.4796875 0.096875 0.084375
4 0.08828125 0.6078125 0.075 0.121875
9 0.2578125 0.71953125 0.35 0.5609375
4 0.4203125 0.57734375 0.0546875 0.109375
7 0.2625 0.58359375 0.05625 0.0546875
10 0.621875 0.7828125 0.10625 0.25625
3 0.69453125 0.6640625 0.0453125 0.084375
2 0.584375 0.58203125 0.03125 0.0296875
5 0.5875 0.5328125 0.0375 0.084375