5 0.04609375 0.08828125 0.0515625 0.1015625
5 0.178125 0.10390625 0.059375 0.0859375
10 0.31171875 0.24609375 0.1296875 0.340625
10 0.0578125 0.24609375 0.096875 0.2390625
10 0.25 0.2984375 0.0265625 0.1203125
10 0.13046875 0.31015625 0.0171875 0.14375
10 0.1046875 0.3171875 0.0296875 0.10625
10 0.359375 0.3203125 0.0484375 0.20625
10 0.2125 0.32578125 0.0515625 0.1625
10 0.0078125 0.32578125 0.015625 0.0859375
10 0.1703125 0.328125 0.1046875 0.28125
10 0.421875 0.4375 0.034375 0.4625
10 0.378125 0.5015625 0.05625 0.25625
5 0.74921875 0.178125 0.1578125 0.1625
10 0.7578125 0.53515625 0.384375 0.2671875
8 0.77734375 0.3703125 0.4453125 0.596875
4 0.11875 0.9609375 0.096875 0.078125