5 0.11640625 0.15859375 0.0265625 0.0421875
5 0.40625 0.17421875 0.025 0.0484375
5 0.2328125 0.19140625 0.028125 0.0453125
5 0.47265625 0.20078125 0.0265625 0.0453125
5 0.296875 0.2203125 0.028125 0.046875
5 0.3625 0.234375 0.021875 0.03125
10 0.40859375 0.2796875 0.0546875 0.128125
10 0.1125 0.28828125 0.0625 0.1578125
10 0.22734375 0.29453125 0.0390625 0.1296875
10 0.29296875 0.303125 0.0484375 0.115625
10 0.35859375 0.3203125 0.0421875 0.115625
10 0.4703125 0.32109375 0.059375 0.1546875
2 0.115625 0.17890625 0.025 0.0203125
0 0.453125 0.5078125 0.025 0.06875
0 0.48828125 0.51015625 0.0265625 0.0765625
0 0.42109375 0.4921875 0.0265625 0.0375
0 0.39140625 0.48359375 0.0265625 0.0328125
0 0.21484375 0.475 0.0234375 0.0625
0 0.2328125 0.46796875 0.025 0.0578125
0 0.30234375 0.471875 0.0265625 0.053125
0 0.27734375 0.4671875 0.0296875 0.053125
0 0.33671875 0.4671875 0.0234375 0.03125
0 0.08828125 0.51875 0.0296875 0.053125
7 0.1640625 0.83828125 0.146875 0.225
4 0.0546875 0.72890625 0.109375 0.1203125
4 0.30390625 0.75390625 0.1234375 0.1703125
7 0.928125 0.77578125 0.14375 0.0828125