5 0.26796875 0.0890625 0.0484375 0.0875
5 0.1078125 0.1125 0.046875 0.071875
5 0.325 0.121875 0.0375 0.0625
5 0.18984375 0.12734375 0.0328125 0.0515625
5 0.3984375 0.1546875 0.040625 0.090625
10 0.33359375 0.2609375 0.0484375 0.1875
10 0.1875 0.26484375 0.0625 0.1921875
10 0.2640625 0.2734375 0.09375 0.253125
10 0.3890625 0.29375 0.08125 0.234375
10 0.10625 0.31484375 0.09375 0.2640625
0 0.40390625 0.56171875 0.0515625 0.0359375
0 0.3375 0.559375 0.034375 0.040625
3 0.01015625 0.38125 0.0203125 0.065625
3 0.05859375 0.434375 0.0203125 0.04375
2 0.6265625 0.48828125 0.275 0.1828125
8 0.4046875 0.784375 0.16875 0.409375
0 0.4234375 0.9296875 0.071875 0.06875
7 0.990625 0.67890625 0.01875 0.1109375
7 0.56171875 0.7625 0.071875 0.0546875
4 0.69140625 0.96796875 0.0515625 0.0640625