5 0.3421875 0.01875 0.065625 0.0375
5 0.19609375 0.0984375 0.0390625 0.075
5 0.3 0.11484375 0.025 0.0515625
10 0.42109375 0.2453125 0.0171875 0.159375
10 0.19921875 0.25234375 0.0828125 0.2296875
10 0.32890625 0.3359375 0.1484375 0.415625
2 0.33671875 0.04140625 0.0578125 0.0640625
0 0.16796875 0.5234375 0.0421875 0.053125
0 0.2296875 0.52109375 0.0375 0.0578125
10 0.94453125 0.22265625 0.1109375 0.3796875
11 0.74921875 0.7875 0.1515625 0.240625
6 0.74375 0.56015625 0.096875 0.0203125
4 0.57890625 0.65625 0.075 0.121875
9 0.7484375 0.775 0.35 0.45
4 0.9109375 0.62578125 0.0546875 0.109375
7 0.753125 0.63203125 0.05625 0.0546875