5 0.02578125 0.15859375 0.0515625 0.0703125
10 0.0375 0.3390625 0.075 0.2
10 0.69453125 0.165625 0.1796875 0.321875
4 0.3359375 0.5875 0.10625 0.078125
5 0.74765625 0.65546875 0.078125 0.08125
5 0.97734375 0.71015625 0.034375 0.0578125
5 0.60078125 0.74921875 0.04375 0.06875
5 0.70703125 0.765625 0.021875 0.0390625
5 0.8484375 0.78671875 0.028125 0.0421875
10 0.96875 0.85859375 0.0625 0.1953125
10 0.60546875 0.89765625 0.0796875 0.2046875
10 0.8484375 0.9125 0.059375 0.15625
10 0.7296875 0.89140625 0.14375 0.2171875