5 0.421875 0.340625 0.040625 0.0625
10 0.42578125 0.5078125 0.0671875 0.1625
3 0.3375 0.4828125 0.0375 0.0625
2 0.415625 0.365625 0.03125 0.025
5 0.6078125 0.05703125 0.05625 0.0796875
10 0.63359375 0.34453125 0.1078125 0.3265625
3 0.75546875 0.1578125 0.0609375 0.11875
2 0.60234375 0.10546875 0.0453125 0.0328125
10 0.06796875 0.8734375 0.1359375 0.253125
5 0.0390625 0.62109375 0.078125 0.0640625
8 0.16640625 0.79453125 0.3328125 0.4109375
7 0.0375 0.7265625 0.065625 0.053125
10 0.73828125 0.75625 0.1796875 0.321875
8 0.75546875 0.79453125 0.3515625 0.4109375