5 0.13359375 0.2265625 0.065625 0.075
5 0.3640625 0.278125 0.0328125 0.046875
5 0.57578125 0.32734375 0.0265625 0.0640625
5 0.0921875 0.34140625 0.025 0.0515625
5 0.2328125 0.35 0.034375 0.03125
10 0.3640625 0.421875 0.071875 0.1859375
10 0.2359375 0.4546875 0.0625 0.128125
10 0.015625 0.44140625 0.03125 0.1546875
10 0.11953125 0.43671875 0.1484375 0.1640625
10 0.975 0.1859375 0.05 0.159375
3 0.796875 0.028125 0.078125 0.05625
7 0.33671875 0.725 0.2796875 0.4125
4 0.203125 0.62578125 0.246875 0.2140625
4 0.4734375 0.64140625 0.23125 0.2453125
4 0.79375 0.88203125 0.0875 0.165625
4 0.77890625 0.96953125 0.1203125 0.0609375
7 0.790625 0.71171875 0.071875 0.090625