5 0.146875 0.01875 0.040625 0.0375
10 0.08203125 0.0984375 0.0484375 0.1875
10 0.0296875 0.11875 0.059375 0.2375
10 0.1375 0.13125 0.08125 0.234375
10 0.2671875 0.28125 0.025 0.26875
0 0.228125 0.47890625 0.05 0.0765625
0 0.2 0.453125 0.059375 0.059375
0 0.15234375 0.4171875 0.0515625 0.071875
0 0.046875 0.46640625 0.028125 0.0765625
0 0.0859375 0.41171875 0.034375 0.0703125
10 0.5546875 0.0703125 0.175 0.140625
0 0.56484375 0.4828125 0.0515625 0.084375
0 0.6140625 0.484375 0.05 0.0875
3 0.3078125 0.01484375 0.05625 0.0296875