5 0.328125 0.078125 0.078125 0.1078125
5 0.0203125 0.08671875 0.040625 0.0859375
10 0.14453125 0.22890625 0.1296875 0.340625
10 0.0828125 0.28125 0.0265625 0.1203125
10 0.1921875 0.303125 0.0484375 0.20625
10 0.0453125 0.30859375 0.0515625 0.1625
10 0.02734375 0.3109375 0.0546875 0.28125
10 0.3171875 0.334375 0.159375 0.290625
10 0.2109375 0.41796875 0.05625 0.1234375
10 0.97890625 0.39140625 0.0421875 0.1765625
7 0.89453125 0.5078125 0.1078125 0.05625
3 0.77578125 0.825 0.071875 0.2171875
3 0.98203125 0.8609375 0.0359375 0.209375