0 0.42578125 0.090625 0.0265625 0.0375
0 0.39609375 0.08203125 0.0265625 0.0328125
0 0.21953125 0.0734375 0.0234375 0.0625
0 0.2375 0.06640625 0.025 0.0578125
0 0.30703125 0.0703125 0.0265625 0.053125
0 0.28203125 0.065625 0.0296875 0.053125
0 0.34140625 0.065625 0.0234375 0.03125
0 0.09296875 0.1171875 0.0296875 0.053125
5 0.815625 0.084375 0.040625 0.0625
10 0.81953125 0.2953125 0.0671875 0.25
3 0.840625 0.421875 0.025 0.06875
3 0.73125 0.2265625 0.0375 0.0625
2 0.809375 0.109375 0.03125 0.025
4 0.02578125 0.7921875 0.0515625 0.109375