10 0.42734375 0.28984375 0.2640625 0.5796875
10 0.253125 0.32109375 0.1015625 0.221875
10 0.009375 0.32578125 0.01875 0.1015625
10 0.115625 0.35234375 0.16875 0.2796875
5 0.1109375 0.48125 0.084375 0.196875
10 0.028125 0.49375 0.05625 0.25
10 0.33984375 0.50078125 0.2640625 0.2578125
10 0.41640625 0.715625 0.1203125 0.171875
8 0.3828125 0.81484375 0.209375 0.3703125
5 0.77890625 0.71171875 0.0953125 0.0796875
10 0.7921875 0.91796875 0.171875 0.1640625
3 0.6140625 0.84609375 0.0625 0.1171875
3 0.94609375 0.8125 0.0609375 0.11875
2 0.7765625 0.76015625 0.078125 0.0328125