10 0.42265625 0.3484375 0.2140625 0.440625
2 0.4484375 0.0234375 0.1625 0.046875
0 0.67421875 0.4703125 0.0453125 0.075
0 0.71796875 0.471875 0.0484375 0.065625
10 0.67109375 0.0609375 0.1546875 0.121875
5 0.11015625 0.6 0.0890625 0.0625
10 0.12734375 0.7984375 0.1609375 0.234375
2 0.11640625 0.62109375 0.0546875 0.0203125
3 0.03515625 0.640625 0.0546875 0.090625
3 0.20078125 0.6390625 0.0578125 0.090625
5 0.55859375 0.73203125 0.0265625 0.0421875
5 0.8484375 0.74765625 0.025 0.0484375
5 0.675 0.76484375 0.028125 0.0453125
5 0.91484375 0.77421875 0.0265625 0.0453125
5 0.7390625 0.79375 0.028125 0.046875
5 0.8046875 0.8078125 0.021875 0.03125
10 0.85078125 0.853125 0.0546875 0.128125
10 0.5578125 0.86171875 0.05625 0.1578125
10 0.66953125 0.86796875 0.0390625 0.1296875
10 0.73515625 0.8765625 0.0484375 0.115625
10 0.80078125 0.89375 0.0421875 0.115625
10 0.9125 0.89453125 0.059375 0.1546875
2 0.5578125 0.75234375 0.025 0.0203125