10 0.4109375 0.26484375 0.325 0.5296875
5 0.365625 0.7828125 0.065625 0.075
5 0.59609375 0.834375 0.0328125 0.046875
5 0.21953125 0.88125 0.0390625 0.075
5 0.3234375 0.89765625 0.025 0.0515625
5 0.4640625 0.90625 0.034375 0.03125
10 0.5953125 0.94296875 0.071875 0.1140625
10 0.4671875 0.97421875 0.0625 0.0515625
10 0.22265625 0.96015625 0.0828125 0.0796875
10 0.35234375 0.95546875 0.1484375 0.0890625
2 0.36015625 0.82421875 0.0578125 0.0640625
10 0.85 0.78984375 0.3 0.4203125
8 0.83984375 0.78984375 0.3203125 0.4203125