5 0.2921875 0.08984375 0.103125 0.1796875
0 0.07890625 0.52734375 0.1234375 0.1140625
0 0.15546875 0.478125 0.1078125 0.1125
8 0.175 0.30390625 0.35 0.6078125
4 0.48046875 0.25546875 0.0859375 0.1859375
4 0.5828125 0.34765625 0.10625 0.1125
7 0.69140625 0.0296875 0.0953125 0.059375
10 0.278125 0.75078125 0.14375 0.2421875
8 0.228125 0.8046875 0.24375 0.35
8 0.05234375 0.8109375 0.1046875 0.3625
9 0.66953125 0.81484375 0.5234375 0.3703125
4 0.65 0.6703125 0.078125 0.08125
4 0.7203125 0.66875 0.08125 0.078125