5 0.1515625 0.6 0.065625 0.075
5 0.38203125 0.6515625 0.0328125 0.046875
5 0.0125 0.6984375 0.025 0.075
5 0.109375 0.71484375 0.025 0.0515625
5 0.25 0.7234375 0.034375 0.03125
10 0.38125 0.79609375 0.071875 0.1859375
10 0.253125 0.8453125 0.0625 0.159375
10 0.025 0.85234375 0.05 0.2296875
10 0.13828125 0.8640625 0.1484375 0.271875
2 0.14609375 0.64140625 0.0578125 0.0640625
10 0.86171875 0.53046875 0.1390625 0.2015625
0 0.8546875 0.9640625 0.04375 0.06875
0 0.9015625 0.96796875 0.04375 0.0578125
3 0.79140625 0.625 0.0609375 0.078125
3 0.92265625 0.5890625 0.0546875 0.06875