10 0.1015625 0.61484375 0.103125 0.0703125
10 0.484375 0.6 0.046875 0.040625
10 0.3390625 0.60390625 0.0625 0.0484375
10 0.415625 0.6234375 0.09375 0.0875
10 0.540625 0.62890625 0.08125 0.0984375
10 0.2578125 0.64609375 0.09375 0.1328125
10 0.71171875 0.7125 0.1078125 0.265625
0 0.63046875 0.9078125 0.05 0.078125
0 0.159375 0.909375 0.08125 0.10625
0 0.084375 0.96640625 0.071875 0.0671875
0 0.60234375 0.88203125 0.059375 0.059375
0 0.55546875 0.846875 0.0515625 0.071875
0 0.2265625 0.909375 0.05 0.075