10 0.84140625 0.12578125 0.1796875 0.2515625
5 0.43515625 0.40625 0.0703125 0.075
5 0.0296875 0.446875 0.059375 0.0953125
5 0.16796875 0.52109375 0.0515625 0.1015625
5 0.3 0.53671875 0.059375 0.0859375
10 0.04453125 0.64609375 0.0890625 0.2765625
10 0.42890625 0.678125 0.1203125 0.340625
10 0.1796875 0.67890625 0.096875 0.2390625
10 0.09375 0.6859375 0.0375 0.159375
10 0.371875 0.73125 0.0265625 0.1203125
10 0.25234375 0.74296875 0.0171875 0.14375
10 0.2265625 0.75 0.0296875 0.10625
10 0.47265625 0.753125 0.0328125 0.20625
10 0.334375 0.75859375 0.0515625 0.1625
10 0.128125 0.759375 0.01875 0.0859375
10 0.2921875 0.7609375 0.1046875 0.28125
10 0.48046875 0.903125 0.0171875 0.19375