5 0.7390625 0.01328125 0.034375 0.0265625
5 0.97421875 0.034375 0.0515625 0.05625
5 0.6109375 0.07421875 0.028125 0.0421875
10 0.7375 0.146875 0.0734375 0.1953125
10 0.6109375 0.2 0.059375 0.15625
10 0.95703125 0.26796875 0.0859375 0.3015625
10 0.53203125 0.26953125 0.0640625 0.3984375
5 0.28203125 0.69453125 0.0859375 0.0859375
10 0.31015625 0.90546875 0.1640625 0.1890625
2 0.2890625 0.74140625 0.065625 0.0234375
3 0.10859375 0.77421875 0.0703125 0.1078125
3 0.4734375 0.753125 0.053125 0.103125
4 0.91875 0.6671875 0.15625 0.05625