7 0.81171875 0.26953125 0.2140625 0.3078125
4 0.94921875 0.225 0.1015625 0.45
5 0.4546875 0.45625 0.0375 0.0125
5 0.31875 0.45703125 0.034375 0.0140625
5 0.51875 0.48046875 0.021875 0.0609375
10 0.0796875 0.571875 0.103125 0.24375
10 0.4625 0.57109375 0.046875 0.1875
10 0.3171875 0.575 0.0625 0.19375
10 0.39375 0.584375 0.09375 0.253125
10 0.50390625 0.6046875 0.0515625 0.234375
10 0.2359375 0.625 0.09375 0.2640625
0 0.1375 0.95 0.08125 0.1
0 0.0625 0.98828125 0.071875 0.0234375
0 0.51875 0.890625 0.021875 0.071875
0 0.2046875 0.953125 0.05 0.075
3 0.840625 0.9515625 0.10625 0.096875