2 0.1 0.053125 0.121875 0.08125
3 0.17890625 0.42578125 0.1515625 0.1078125
5 0.7046875 0.0875 0.103125 0.175
0 0.56796875 0.4484375 0.1078125 0.0625
8 0.59140625 0.23984375 0.3640625 0.4796875
5 0.63203125 0.740625 0.065625 0.075
5 0.8625 0.7921875 0.0328125 0.046875
5 0.4859375 0.8390625 0.0390625 0.075
5 0.590625 0.85546875 0.025 0.0515625
5 0.73125 0.8640625 0.034375 0.03125
10 0.8625 0.92109375 0.071875 0.1578125
10 0.734375 0.95234375 0.0625 0.0953125
10 0.48828125 0.9390625 0.0828125 0.121875
10 0.61796875 0.934375 0.1484375 0.13125