10 0.20625 0.35546875 0.203125 0.2484375
5 0.1921875 0.1046875 0.084375 0.075
2 0.1921875 0.15859375 0.071875 0.0296875
10 0.79453125 0.29765625 0.2078125 0.3640625
8 0.7765625 0.23984375 0.31875 0.4796875
5 0.775 0.025 0.2125 0.05
3 0.64921875 0.46640625 0.0703125 0.0265625
10 0.34140625 0.67109375 0.0453125 0.0765625
10 0.52109375 0.665625 0.0578125 0.05
10 0.81875 0.8921875 0.0625 0.084375
5 0.8296875 0.825 0.028125 0.028125
5 0.33046875 0.6109375 0.0234375 0.034375
0 0.3515625 0.7796875 0.021875 0.053125
0 0.325 0.7640625 0.0125 0.05
0 0.55234375 0.7609375 0.0234375 0.0375
0 0.53359375 0.75625 0.0234375 0.034375
8 0.80234375 0.89140625 0.1484375 0.2171875
8 0.51640625 0.69375 0.1265625 0.2
8 0.3484375 0.69375 0.059375 0.234375