11 0.25859375 0.078125 0.1640625 0.15625
1 0.25234375 0.5359375 0.0703125 0.0875
1 0.315625 0.540625 0.075 0.078125
9 0.26015625 0.28984375 0.5203125 0.5796875
8 0.8421875 0.30859375 0.246875 0.5421875
10 0.8296875 0.31875 0.1734375 0.2515625
3 0.73671875 0.50234375 0.0578125 0.1109375
3 0.9296875 0.48828125 0.059375 0.096875
10 0.10078125 0.62421875 0.1796875 0.0890625
0 0.0890625 0.97265625 0.053125 0.0546875
0 0.14609375 0.97734375 0.0671875 0.0453125
8 0.2015625 0.78984375 0.403125 0.4203125
10 0.86875 0.71875 0.175 0.2625
3 0.79609375 0.58828125 0.0546875 0.0171875