8 0.33828125 0.28984375 0.2234375 0.5796875
0 0.34140625 0.5625 0.0703125 0.034375
0 0.40625 0.56796875 0.075 0.0234375
3 0.2984375 0.22890625 0.0703125 0.090625
3 0.38984375 0.2484375 0.0515625 0.1015625
10 0.34140625 0.10390625 0.1328125 0.2078125
10 0.72734375 0.09609375 0.1765625 0.1921875
0 0.77890625 0.55078125 0.0578125 0.0578125
0 0.71640625 0.55078125 0.0578125 0.0578125
13 0.725 0.28984375 0.55 0.5796875
10 0.0828125 0.878125 0.165625 0.24375
2 0.02421875 0.6875 0.0484375 0.053125
3 0.684375 0.78046875 0.3375 0.325