10 0.13359375 0.25 0.1609375 0.178125
2 0.1265625 0.08359375 0.05 0.0265625
0 0.89609375 0.31796875 0.0546875 0.0421875
0 0.9484375 0.3234375 0.06875 0.03125
3 0.80390625 0.0421875 0.0390625 0.084375
10 0.053125 0.5015625 0.10625 0.325
0 0.02109375 0.95546875 0.0421875 0.0890625
0 0.07421875 0.96171875 0.0609375 0.0765625
3 0.1140625 0.6359375 0.046875 0.096875
10 0.88671875 0.53125 0.2265625 0.28125
5 0.89140625 0.81015625 0.1609375 0.0828125
10 0.88046875 0.94140625 0.2390625 0.1171875
8 0.87890625 0.54609375 0.2421875 0.4140625
8 0.83359375 0.88359375 0.3328125 0.2328125