8 0.25390625 0.2296875 0.1859375 0.459375
0 0.2625 0.425 0.146875 0.06875
10 0.253125 0.0390625 0.140625 0.078125
3 0.2484375 0.1421875 0.05625 0.10625
10 0.57734375 0.17578125 0.1765625 0.3515625
8 0.590625 0.2296875 0.29375 0.459375
5 0.0421875 0.67890625 0.06875 0.0671875
5 0.15390625 0.72109375 0.0609375 0.0578125
10 0.05703125 0.87109375 0.0984375 0.2578125
10 0.16171875 0.896875 0.1078125 0.20625
8 0.07265625 0.8171875 0.1453125 0.365625
8 0.1703125 0.8421875 0.175 0.315625
8 0.61640625 0.7296875 0.2921875 0.540625
10 0.61640625 0.5828125 0.1921875 0.246875
3 0.4984375 0.696875 0.0734375 0.1015625
3 0.71953125 0.74296875 0.1 0.13125
0 0.5265625 0.98125 0.1625 0.0375
0 0.6890625 0.98359375 0.10625 0.0328125