10 0.32578125 0.14375 0.1734375 0.2875
8 0.340625 0.24453125 0.33125 0.4890625
10 0.53984375 0.146875 0.0609375 0.29375
13 0.66328125 0.24453125 0.3078125 0.4890625
3 0.7390625 0.01796875 0.121875 0.0359375
3 0.16484375 0.66875 0.3296875 0.359375
3 0.43828125 0.82578125 0.1421875 0.3484375
5 0.53828125 0.7484375 0.0578125 0.075
5 0.65625 0.69375 0.046875 0.05625
5 0.809375 0.7109375 0.040625 0.053125
5 0.86328125 0.72734375 0.0359375 0.0453125
5 0.9265625 0.74765625 0.040625 0.0421875
5 0.99453125 0.71015625 0.0109375 0.0421875
8 0.98203125 0.84296875 0.0359375 0.3140625
8 0.9359375 0.859375 0.090625 0.28125
8 0.86640625 0.84375 0.0703125 0.3125
8 0.79609375 0.8375 0.0921875 0.325
8 0.659375 0.8296875 0.13125 0.340625
8 0.54375 0.8484375 0.06875 0.303125