10 0.1546875 0.090625 0.15625 0.18125
5 0.9375 0.009375 0.034375 0.01875
5 0.5609375 0.03125 0.04375 0.0625
5 0.66796875 0.0453125 0.021875 0.0390625
5 0.809375 0.06640625 0.028125 0.0421875
10 0.9359375 0.1390625 0.0734375 0.1953125
10 0.56640625 0.18828125 0.0796875 0.2265625
10 0.809375 0.1921875 0.059375 0.15625
10 0.690625 0.2625 0.14375 0.3984375
4 0.39765625 0.98359375 0.0671875 0.0328125
4 0.2875 0.69765625 0.0625 0.115625
7 0.30390625 0.52890625 0.0515625 0.0984375
4 0.615625 0.91328125 0.0609375 0.1640625
4 0.828125 0.9109375 0.0421875 0.159375