10 0.33203125 0.396875 0.0953125 0.25
5 0.33671875 0.16484375 0.0828125 0.0796875
3 0.08125 0.29140625 0.084375 0.0828125
2 0.33671875 0.21015625 0.0671875 0.0234375
5 0.56640625 0.0171875 0.1453125 0.034375
10 0.5609375 0.17890625 0.240625 0.2484375
5 0.84375 0.0265625 0.140625 0.053125
10 0.85625 0.16640625 0.240625 0.2390625
0 0.44921875 0.61875 0.1078125 0.040625
0 0.615625 0.61484375 0.125 0.0484375
0 0.8046875 0.609375 0.115625 0.059375
0 0.9515625 0.61484375 0.096875 0.0484375
8 0.8484375 0.31953125 0.303125 0.6390625
8 0.55078125 0.31953125 0.3359375 0.6390625
10 0.784375 0.95625 0.384375 0.0875
8 0.69609375 0.9140625 0.6078125 0.171875
3 0.94765625 0.8640625 0.1046875 0.078125