10 0.0203125 0.09140625 0.040625 0.1828125
5 0.28984375 0.521875 0.0484375 0.0875
5 0.1296875 0.5453125 0.046875 0.071875
5 0.346875 0.5546875 0.0375 0.0625
5 0.21171875 0.56015625 0.0328125 0.0515625
5 0.4203125 0.5875 0.040625 0.090625
10 0.01171875 0.67265625 0.0234375 0.2890625
10 0.35546875 0.69375 0.0484375 0.1875
10 0.209375 0.69765625 0.0625 0.1921875
10 0.2859375 0.70625 0.09375 0.253125
10 0.4109375 0.7265625 0.08125 0.234375
10 0.128125 0.74765625 0.09375 0.2640625
10 0.5484375 0.87109375 0.040625 0.2578125
0 0.42578125 0.98828125 0.0515625 0.0234375
0 0.359375 0.9859375 0.034375 0.028125
3 0.03203125 0.8140625 0.0203125 0.065625
3 0.08046875 0.8671875 0.0203125 0.04375