10 0.09296875 0.1546875 0.1765625 0.309375
8 0.19765625 0.21484375 0.3953125 0.4296875
5 0.7765625 0.07109375 0.096875 0.0890625
10 0.79921875 0.3078125 0.1859375 0.24375
2 0.78046875 0.12265625 0.0640625 0.0296875
3 0.51796875 0.25234375 0.0703125 0.0796875
8 0.2578125 0.71484375 0.334375 0.5703125
10 0.26875 0.52734375 0.221875 0.1953125
3 0.403125 0.6421875 0.0859375 0.109375
3 0.12109375 0.6296875 0.0765625 0.103125
0 0.22421875 0.88359375 0.0890625 0.078125
0 0.3140625 0.9234375 0.078125 0.0828125
3 0.734375 0.75078125 0.53125 0.4984375