10 0.06328125 0.0703125 0.1265625 0.140625
8 0.1078125 0.1296875 0.215625 0.259375
10 0.62109375 0.1296875 0.3640625 0.259375
10 0.26328125 0.509375 0.1640625 0.31875
5 0.26328125 0.70546875 0.1078125 0.1109375
0 0.2625 0.96953125 0.05 0.0609375
0 0.31953125 0.975 0.0640625 0.05
2 0.25546875 0.27109375 0.0703125 0.0234375
3 0.2109375 0.64140625 0.046875 0.0984375
3 0.31953125 0.64296875 0.0546875 0.0953125
5 0.89921875 0.27421875 0.0984375 0.0296875
8 0.89453125 0.61328125 0.2109375 0.7078125
0 0.91796875 0.8859375 0.0875 0.078125
3 0.9921875 0.5765625 0.015625 0.0875
3 0.8265625 0.59765625 0.040625 0.071875