10 0.31328125 0.3109375 0.1390625 0.24375
5 0.29375 0.08203125 0.075 0.0734375
2 0.29765625 0.12265625 0.0515625 0.0203125
3 0.2421875 0.425 0.059375 0.075
3 0.375 0.38984375 0.053125 0.0671875
5 0.66953125 0.3375 0.1796875 0.503125
0 0.02265625 0.83046875 0.0453125 0.1140625
0 0.06015625 0.78125 0.1078125 0.1125
8 0.1328125 0.75 0.265625 0.321875
5 0.68515625 0.725 0.0484375 0.0875
5 0.7421875 0.7578125 0.0375 0.0625
5 0.60703125 0.76328125 0.0328125 0.0515625
5 0.815625 0.790625 0.040625 0.090625
5 0.98046875 0.890625 0.0390625 0.0625
10 0.75078125 0.896875 0.0484375 0.1875
10 0.6078125 0.90078125 0.05625 0.1921875
10 0.68125 0.89140625 0.09375 0.2171875
10 0.80625 0.90625 0.08125 0.1875
2 0.9796875 0.9171875 0.040625 0.04375