8 0.30625 0.23984375 0.246875 0.4796875
0 0.3109375 0.46640625 0.0875 0.0265625
3 0.40390625 0.1828125 0.0515625 0.0875
3 0.2203125 0.20390625 0.040625 0.071875
8 0.80859375 0.23984375 0.2828125 0.4796875
10 0.81015625 0.20703125 0.175 0.2078125
5 0.80546875 0.028125 0.1078125 0.05625
3 0.6921875 0.315625 0.08125 0.0953125
3 0.925 0.30390625 0.075 0.08125
7 0.8109375 0.06875 0.0578125 0.0390625
10 0.38125 0.82421875 0.096875 0.3171875
5 0.3796875 0.53828125 0.1 0.0953125
8 0.34453125 0.73984375 0.1703125 0.5203125
8 0.51953125 0.73984375 0.1796875 0.5203125
10 0.4984375 0.6703125 0.1375 0.259375
3 0.49453125 0.54609375 0.078125 0.078125