0 0.28671875 0.34765625 0.0515625 0.0828125
0 0.34609375 0.3546875 0.0609375 0.06875
3 0.73984375 0.028125 0.0796875 0.05625
10 0.25546875 0.49375 0.209375 0.16875
0 0.6265625 0.4375 0.0625 0.0609375
0 0.5765625 0.496875 0.04375 0.059375
3 0.35546875 0.396875 0.0765625 0.015625
3 0.3703125 0.60625 0.096875 0.065625
8 0.34140625 0.5171875 0.6171875 0.25625
5 0.06953125 0.4921875 0.06875 0.096875
7 0.121875 0.4890625 0.0421875 0.059375
0 0.8328125 0.91484375 0.0625 0.1015625
0 0.9484375 0.9125 0.065625 0.096875
10 0.89765625 0.47890625 0.1609375 0.1796875
8 0.85 0.69375 0.3 0.609375