11 0.43359375 0.075 0.1515625 0.15
1 0.39921875 0.5 0.0734375 0.0375
1 0.49921875 0.503125 0.1078125 0.03125
9 0.41328125 0.259375 0.3109375 0.51875
5 0.603125 0.153125 0.06875 0.1
10 0.6296875 0.3703125 0.121875 0.234375
2 0.59921875 0.19296875 0.0546875 0.0203125
3 0.68359375 0.2109375 0.0578125 0.090625
8 0.459375 0.759375 0.21875 0.48125
10 0.48046875 0.60390625 0.1328125 0.1703125
8 0.60703125 0.759375 0.0765625 0.48125
10 0.59140625 0.7953125 0.0453125 0.175
3 0.58046875 0.63984375 0.0234375 0.1421875