5 0.578125 0.040625 0.1375 0.08125
10 0.125 0.653125 0.159375 0.328125
5 0.4671875 0.4984375 0.1 0.078125
5 0.6765625 0.50234375 0.1 0.0859375
5 0.871875 0.49140625 0.1 0.0640625
10 0.4828125 0.68203125 0.1625 0.3171875
10 0.6859375 0.6875 0.175 0.28125
10 0.878125 0.67578125 0.159375 0.3015625
0 0.44140625 0.97734375 0.1078125 0.0453125
0 0.6703125 0.9703125 0.1 0.059375
8 0.87578125 0.7296875 0.1796875 0.540625
8 0.68984375 0.7296875 0.1953125 0.540625
8 0.46328125 0.7296875 0.1921875 0.540625