9 0.11484375 0.24296875 0.2296875 0.3734375
11 0.10546875 0.31171875 0.1640625 0.2359375
4 0.23125 0.384375 0.09375 0.090625
7 0.1296875 0.16953125 0.06875 0.0625
6 0.38125 0.41796875 0.14375 0.0234375
5 0.4921875 0.1046875 0.065625 0.053125
8 0.50859375 0.2515625 0.0984375 0.35625
10 0.5 0.23984375 0.08125 0.1703125
3 0.48046875 0.35 0.0421875 0.071875
10 0.40859375 0.6265625 0.1015625 0.15
0 0.41328125 0.98828125 0.0578125 0.0234375
8 0.3609375 0.71484375 0.196875 0.5703125
8 0.76953125 0.6390625 0.4609375 0.225
3 0.95703125 0.5796875 0.0859375 0.06875
10 0.79921875 0.6640625 0.2546875 0.1609375
5 0.58046875 0.64765625 0.0890625 0.15625
7 0.64921875 0.5984375 0.0453125 0.028125