10 0.3828125 0.13671875 0.171875 0.2734375
5 0.38203125 0.28984375 0.1078125 0.1234375
3 0.340625 0.22421875 0.065625 0.0796875
3 0.44296875 0.24765625 0.0453125 0.0984375
5 0.70859375 0.0234375 0.0796875 0.046875
10 0.73671875 0.23828125 0.1640625 0.2390625
2 0.715625 0.04921875 0.0625 0.0296875
3 0.6546875 0.0796875 0.053125 0.078125
3 0.77734375 0.06328125 0.0546875 0.0703125
10 0.28515625 0.83828125 0.1703125 0.3234375
5 0.2953125 0.94765625 0.096875 0.1046875
3 0.22890625 0.90546875 0.0546875 0.0921875
3 0.3453125 0.9046875 0.034375 0.08125
2 0.2828125 0.59765625 0.059375 0.0265625
8 0.64609375 0.82734375 0.2140625 0.3453125