10 0.296875 0.38359375 0.203125 0.2328125
5 0.2828125 0.140625 0.084375 0.075
3 0.040625 0.35546875 0.08125 0.0765625
3 0.53828125 0.3140625 0.0796875 0.0875
2 0.284375 0.19140625 0.071875 0.0390625
10 0.9 0.334375 0.2 0.25
8 0.82734375 0.31640625 0.3453125 0.3671875
5 0.69921875 0.3234375 0.0890625 0.1515625
7 0.77109375 0.3359375 0.0546875 0.0703125
10 0.1828125 0.94765625 0.240625 0.1046875
10 0.4640625 0.95625 0.25625 0.0875
8 0.1765625 0.84921875 0.353125 0.3015625
8 0.44375 0.84296875 0.35 0.3140625
3 0.7984375 0.71484375 0.3375 0.328125