10 0.11484375 0.41796875 0.1671875 0.2828125
8 0.684375 0.0875 0.63125 0.175
3 0.75078125 0.121875 0.09375 0.0671875
10 0.6328125 0.0421875 0.2875 0.084375
5 0.403125 0.04609375 0.06875 0.0921875
7 0.4640625 0.05 0.053125 0.046875
10 0.17265625 0.8875 0.3453125 0.225
8 0.184375 0.8453125 0.36875 0.309375
3 0.31640625 0.7265625 0.1046875 0.078125
10 0.771875 0.8515625 0.184375 0.296875
2 0.79609375 0.6328125 0.0734375 0.03125
3 0.8984375 0.91484375 0.090625 0.0828125
3 0.86328125 0.98828125 0.0328125 0.0234375