10 0.18125 0.09296875 0.175 0.1859375
8 0.17265625 0.259375 0.3453125 0.51875
10 0.8390625 0.190625 0.175 0.334375
3 0.91015625 0.2421875 0.0640625 0.084375
3 0.76328125 0.33671875 0.0390625 0.1015625
9 0.26640625 0.8046875 0.2515625 0.390625
11 0.26171875 0.83359375 0.15625 0.165625
4 0.225 0.97734375 0.0625 0.0453125
4 0.334375 0.9890625 0.05 0.021875
7 0.26015625 0.71640625 0.053125 0.0546875
10 0.8046875 0.803125 0.2875 0.178125
10 0.81171875 0.5515625 0.2640625 0.065625
8 0.80703125 0.959375 0.3671875 0.08125
8 0.79921875 0.76015625 0.35625 0.284375
8 0.80546875 0.56484375 0.3328125 0.0921875