8 0.19453125 0.29921875 0.3890625 0.5390625
5 0.17265625 0.059375 0.171875 0.0734375
3 0.3328125 0.13203125 0.1125 0.0890625
3 0.01796875 0.1328125 0.0359375 0.103125
7 0.15625 0.1203125 0.0890625 0.0484375
10 0.81640625 0.50078125 0.1640625 0.1359375
8 0.8171875 0.3796875 0.35625 0.378125
10 0.325 0.69375 0.128125 0.25
5 0.3390625 0.8359375 0.1 0.11875
3 0.30078125 0.7671875 0.0640625 0.0875
3 0.38046875 0.78515625 0.0171875 0.1046875
8 0.73828125 0.784375 0.1859375 0.43125
10 0.7375 0.69140625 0.140625 0.2453125
3 0.7328125 0.878125 0.05625 0.10625