10 0.2671875 0.40703125 0.165625 0.2046875
8 0.253125 0.32734375 0.303125 0.3640625
10 0.7953125 0.0984375 0.18125 0.196875
0 0.79296875 0.4828125 0.0578125 0.053125
0 0.85390625 0.48671875 0.0578125 0.0453125
8 0.8 0.2546875 0.30625 0.509375
10 0.18515625 0.8125 0.1640625 0.31875
5 0.18515625 0.9765625 0.1078125 0.046875
2 0.17734375 0.56953125 0.0703125 0.0328125
3 0.1328125 0.94453125 0.046875 0.0984375
3 0.24140625 0.94609375 0.0546875 0.0953125
5 0.8234375 0.53671875 0.084375 0.0546875
10 0.83359375 0.80390625 0.1765625 0.3140625
8 0.7796875 0.7546875 0.440625 0.490625