8 0.0625 0.2046875 0.125 0.409375
3 0.1078125 0.040625 0.059375 0.08125
5 0.9578125 0.10703125 0.084375 0.2140625
8 0.80625 0.2046875 0.3875 0.409375
10 0.25234375 0.58046875 0.1734375 0.3203125
3 0.07265625 0.4453125 0.0578125 0.071875
10 0.44140625 0.5046875 0.0640625 0.190625
10 0.8046875 0.48984375 0.046875 0.1609375
10 0.659375 0.49375 0.0625 0.16875
10 0.7359375 0.51328125 0.09375 0.2078125
10 0.8609375 0.51875 0.08125 0.21875
10 0.578125 0.5359375 0.09375 0.253125
10 0.9890625 0.6609375 0.021875 0.26875
0 0.95078125 0.8578125 0.05 0.078125
0 0.4796875 0.859375 0.08125 0.10625
0 0.425 0.93046875 0.03125 0.0953125
0 0.92265625 0.83203125 0.059375 0.059375
0 0.87578125 0.796875 0.0515625 0.071875
0 0.546875 0.859375 0.05 0.075