0 0.321875 0.3671875 0.05625 0.0875
3 0.5203125 0.17421875 0.340625 0.3484375
3 0.86796875 0.28203125 0.2640625 0.2953125
10 0.2046875 0.9 0.25625 0.2
8 0.1796875 0.78671875 0.340625 0.4265625
10 0.55390625 0.515625 0.0640625 0.046875
10 0.659375 0.58359375 0.065625 0.0765625
10 0.84921875 0.578125 0.0578125 0.05
5 0.65234375 0.5234375 0.0359375 0.034375
0 0.6796875 0.6921875 0.021875 0.053125
0 0.64375 0.6765625 0.03125 0.05
0 0.58828125 0.66484375 0.0265625 0.0640625
0 0.546875 0.61796875 0.025 0.0515625
0 0.88046875 0.6734375 0.0234375 0.0375
0 0.86171875 0.66875 0.0234375 0.034375
8 0.84453125 0.60625 0.1265625 0.2
8 0.55703125 0.59765625 0.1015625 0.2484375
8 0.66015625 0.60703125 0.09375 0.234375