8 0.29921875 0.2296875 0.2390625 0.459375
10 0.29296875 0.2421875 0.1640625 0.2453125
3 0.20234375 0.4125 0.0453125 0.09375
3 0.3046875 0.10546875 0.075 0.1078125
10 0.69140625 0.2328125 0.1453125 0.33125
3 0.89296875 0.02421875 0.0734375 0.0484375
2 0.6640625 0.00546875 0.065625 0.0109375
3 0.07421875 0.82265625 0.1484375 0.3546875
3 0.378125 0.91875 0.334375 0.1625
8 0.73125 0.7296875 0.225 0.540625
10 0.70625 0.66484375 0.175 0.2828125
3 0.796875 0.83984375 0.109375 0.125
7 0.66015625 0.48828125 0.0640625 0.0578125