8 0.040625 0.26953125 0.08125 0.5390625
10 0.7609375 0.10859375 0.303125 0.2
3 0.93828125 0.025 0.1234375 0.05
3 0.91015625 0.2125 0.1109375 0.071875
5 0.52734375 0.11875 0.0921875 0.15625
5 0.725 0.1546875 0.55 0.309375
7 0.59453125 0.13671875 0.059375 0.0625
10 0.1984375 0.90546875 0.203125 0.1890625
5 0.18359375 0.68515625 0.084375 0.075
5 0.384375 0.61796875 0.13125 0.0640625
5 0.83203125 0.62578125 0.1609375 0.0828125
10 0.84765625 0.8375 0.290625 0.278125
10 0.409375 0.85703125 0.18125 0.2859375
8 0.4328125 0.7890625 0.228125 0.421875
8 0.80390625 0.79140625 0.3921875 0.4171875