10 0.321875 0.16953125 0.184375 0.3390625
3 0.44296875 0.2078125 0.0734375 0.096875
3 0.41171875 0.3046875 0.0296875 0.06875
5 0.87890625 0.11328125 0.0453125 0.0921875
10 0.9640625 0.1140625 0.071875 0.121875
8 0.8828125 0.109375 0.234375 0.21875
10 0.171875 0.703125 0.175 0.334375
3 0.24296875 0.7546875 0.0640625 0.084375
3 0.09609375 0.84921875 0.0390625 0.1015625
2 0.16796875 0.45078125 0.0671875 0.0359375
10 0.69140625 0.59453125 0.2171875 0.3171875
8 0.6796875 0.66953125 0.340625 0.6609375