10 0.10703125 0.41796875 0.1703125 0.2640625
5 0.1171875 0.52734375 0.096875 0.0453125
2 0.10546875 0.20703125 0.0640625 0.0296875
3 0.05 0.50859375 0.05625 0.0828125
3 0.16640625 0.51171875 0.0328125 0.0765625
10 0.9671875 0.4140625 0.065625 0.246875
8 0.9359375 0.33828125 0.128125 0.4234375
10 0.0828125 0.6203125 0.165625 0.140625
3 0.1828125 0.7203125 0.1171875 0.0671875
8 0.21953125 0.6609375 0.4390625 0.221875
10 0.51328125 0.7578125 0.1484375 0.31875
5 0.50546875 0.94921875 0.1078125 0.1015625
8 0.5453125 0.775 0.2125 0.45