10 0.3625 0.35078125 0.034375 0.3140625
13 0.33359375 0.3171875 0.0921875 0.525
3 0.3671875 0.490625 0.025 0.1125
10 0.5609375 0.35703125 0.171875 0.3171875
2 0.55703125 0.11484375 0.0640625 0.0265625
3 0.51953125 0.46640625 0.0671875 0.0796875
3 0.61953125 0.48984375 0.0453125 0.0984375
10 0.21796875 0.934375 0.1390625 0.13125
8 0.2171875 0.85546875 0.2125 0.2890625
10 0.70234375 0.8296875 0.1765625 0.31875
13 0.68984375 0.78984375 0.6203125 0.4203125
3 0.43046875 0.68984375 0.1015625 0.1578125
3 0.94921875 0.65546875 0.1015625 0.1515625
12 0.69140625 0.6375 0.1359375 0.115625