5 0.35078125 0.17890625 0.2671875 0.3515625
5 0.80859375 0.278125 0.065625 0.075
5 0.6625 0.3765625 0.0390625 0.075
5 0.7671875 0.39296875 0.025 0.0515625
5 0.9078125 0.4015625 0.034375 0.03125
10 0.9109375 0.52265625 0.0625 0.159375
10 0.665625 0.53046875 0.0828125 0.2296875
10 0.79453125 0.578125 0.1484375 0.34375
3 0.4734375 0.8203125 0.053125 0.05625
3 0.44921875 0.77109375 0.0546875 0.0390625
8 0.709375 0.8453125 0.41875 0.190625
0 0.68671875 0.89140625 0.05625 0.065625
0 0.7421875 0.89453125 0.0640625 0.0578125