10 0.07890625 0.203125 0.1578125 0.171875
3 0.07578125 0.1140625 0.0671875 0.0875
2 0.0609375 0.0578125 0.065625 0.03125
8 0.7046875 0.14453125 0.309375 0.2890625
10 0.15234375 0.52421875 0.1609375 0.3796875
0 0.1359375 0.97734375 0.09375 0.0453125
0 0.1828125 0.96953125 0.065625 0.0609375
8 0.17109375 0.64453125 0.2765625 0.7109375
8 0.1546875 0.33515625 0.125 0.0921875
5 0.81015625 0.37109375 0.0796875 0.0890625
10 0.83828125 0.60703125 0.1640625 0.2390625
3 0.878125 0.428125 0.0625 0.06875
3 0.7578125 0.4421875 0.05 0.071875
2 0.815625 0.421875 0.059375 0.025