10 0.065625 0.31796875 0.13125 0.3234375
5 0.02890625 0.03359375 0.0578125 0.0671875
2 0.02578125 0.08359375 0.0515625 0.0296875
3 0.27421875 0.2 0.0765625 0.09375
5 0.82109375 0.01328125 0.1546875 0.0265625
10 0.8171875 0.23125 0.26875 0.334375
8 0.7796875 0.23984375 0.440625 0.4796875
10 0.28359375 0.6046875 0.1640625 0.25
5 0.28359375 0.76640625 0.1078125 0.1109375
3 0.23125 0.70234375 0.046875 0.0984375
3 0.33984375 0.70390625 0.0546875 0.0953125
8 0.8828125 0.73984375 0.234375 0.5203125
10 0.90859375 0.61953125 0.175 0.2078125
3 0.790625 0.728125 0.08125 0.0953125
0 0.89921875 0.93828125 0.0625 0.0609375
0 0.96328125 0.975 0.0671875 0.05
7 0.90859375 0.48984375 0.0578125 0.0203125