10 0.31328125 0.23359375 0.1734375 0.3296875
5 0.30546875 0.38203125 0.1015625 0.0359375
3 0.25546875 0.353125 0.0515625 0.09375
3 0.37421875 0.353125 0.0453125 0.09375
5 0.98125 0.115625 0.0375 0.128125
10 0.75 0.09921875 0.184375 0.1984375
3 0.8765625 0.04609375 0.090625 0.0828125
3 0.84140625 0.15859375 0.0328125 0.1015625
10 0.3640625 0.51875 0.18125 0.2375
0 0.36171875 0.946875 0.0578125 0.1
0 0.42265625 0.95234375 0.0578125 0.0953125
8 0.34765625 0.7 0.2640625 0.6
10 0.68125 0.559375 0.225 0.31875