5 0.29296875 0.10703125 0.0796875 0.0890625
10 0.32109375 0.34296875 0.1640625 0.2390625
2 0.3 0.15390625 0.0625 0.0296875
3 0.2390625 0.184375 0.053125 0.078125
3 0.36171875 0.16796875 0.0546875 0.0703125
8 0.74296875 0.34609375 0.1671875 0.5859375
10 0.72109375 0.37421875 0.1234375 0.2453125
3 0.7125 0.23828125 0.075 0.1078125
10 0.30234375 0.80703125 0.1640625 0.3234375
5 0.30390625 0.96875 0.1078125 0.0625
3 0.25859375 0.9234375 0.0640625 0.090625
3 0.36328125 0.940625 0.0421875 0.090625
10 0.8296875 0.81953125 0.340625 0.3609375