6 0.084375 0.0796875 0.096875 0.084375
11 0.09921875 0.2890625 0.1328125 0.2
9 0.1984375 0.21484375 0.396875 0.3484375
4 0.359375 0.2 0.075 0.0734375
7 0.0953125 0.15078125 0.065625 0.065625
10 0.93515625 0.14921875 0.1296875 0.2984375
8 0.8984375 0.19453125 0.203125 0.3890625
10 0.18046875 0.6734375 0.1640625 0.15
8 0.18125 0.69453125 0.35625 0.6109375
10 0.52734375 0.659375 0.1546875 0.35
5 0.4828125 0.39921875 0.065625 0.0203125
2 0.48046875 0.428125 0.0609375 0.028125
3 0.73515625 0.478125 0.0796875 0.084375