8 0.24296875 0.28984375 0.2890625 0.5796875
0 0.18359375 0.56015625 0.1171875 0.0390625
3 0.2359375 0.325 0.046875 0.0984375
10 0.64921875 0.37578125 0.1796875 0.3171875
5 0.63984375 0.09296875 0.0921875 0.0796875
3 0.40390625 0.2375 0.0296875 0.08125
3 0.89765625 0.1953125 0.0765625 0.084375
2 0.63984375 0.14609375 0.0703125 0.0296875
3 0.3546875 0.71484375 0.06875 0.1140625
10 0.6 0.62734375 0.18125 0.0953125
0 0.59921875 0.965625 0.0546875 0.06875
0 0.65546875 0.971875 0.0578125 0.05625
8 0.59921875 0.78984375 0.2859375 0.4203125