8 0.890625 0.26953125 0.21875 0.5390625
5 0.90859375 0.01796875 0.1578125 0.0359375
10 0.915625 0.23203125 0.16875 0.2828125
3 0.809375 0.3640625 0.0734375 0.1015625
3 0.98984375 0.409375 0.0203125 0.13125
7 0.8890625 0.05546875 0.0625 0.059375
10 0.23671875 0.790625 0.1640625 0.34375
8 0.22890625 0.76953125 0.3171875 0.4609375
10 0.8625 0.596875 0.171875 0.115625
5 0.86171875 0.67109375 0.1078125 0.1234375
0 0.86484375 0.96328125 0.0484375 0.0734375
0 0.91875 0.9703125 0.059375 0.059375
3 0.8203125 0.60546875 0.065625 0.0796875
3 0.92265625 0.62890625 0.0453125 0.0984375