10 0.20703125 0.11875 0.1703125 0.2375
5 0.2171875 0.18828125 0.096875 0.1109375
0 0.20390625 0.51875 0.0484375 0.040625
0 0.26171875 0.51875 0.0640625 0.040625
3 0.15078125 0.14296875 0.0546875 0.0921875
3 0.2671875 0.1421875 0.034375 0.08125
10 0.825 0.26953125 0.35 0.5390625
10 0.509375 0.953125 0.28125 0.09375
10 0.075 0.9578125 0.15 0.084375
10 0.26796875 0.65859375 0.5359375 0.2390625
8 0.30859375 0.671875 0.6171875 0.265625
8 0.11171875 0.90390625 0.2234375 0.1921875
8 0.4875 0.903125 0.325 0.19375
8 0.825 0.76953125 0.35 0.4609375