10 0.075 0.2984375 0.15 0.31875
5 0.06484375 0.45234375 0.1109375 0.0734375
3 0.02734375 0.40546875 0.0546875 0.0828125
3 0.11796875 0.42578125 0.0484375 0.1046875
2 0.06015625 0.0546875 0.0640625 0.034375
5 0.64609375 0.03359375 0.0921875 0.0671875
10 0.66875 0.31328125 0.159375 0.3171875
3 0.76328125 0.05546875 0.0546875 0.0984375
2 0.6453125 0.07734375 0.071875 0.0296875
5 0.0546875 0.52578125 0.084375 0.0734375
10 0.08984375 0.77578125 0.1765625 0.2546875
8 0.153125 0.74453125 0.30625 0.5109375