11 0.2234375 0.34921875 0.153125 0.2015625
9 0.2234375 0.28125 0.23125 0.3375
7 0.22265625 0.20703125 0.0640625 0.0546875
8 0.80234375 0.23671875 0.3015625 0.4265625
10 0.78203125 0.30078125 0.14375 0.271875
5 0.79375 0.05546875 0.16875 0.0859375
3 0.871875 0.4296875 0.109375 0.040625
3 0.6828125 0.403125 0.06875 0.09375
7 0.74921875 0.11953125 0.05625 0.053125
3 0.11796875 0.5328125 0.2359375 0.165625
3 0.43515625 0.65 0.3078125 0.4
10 0.96953125 0.88828125 0.0609375 0.2234375
8 0.928125 0.80859375 0.14375 0.3828125