10 0.24296875 0.2390625 0.1578125 0.25
5 0.2140625 0.0234375 0.084375 0.046875
0 0.2390625 0.746875 0.05625 0.08125
0 0.29765625 0.74296875 0.0578125 0.0734375
3 0.48046875 0.09609375 0.0828125 0.0828125
2 0.22109375 0.05078125 0.0671875 0.0203125
9 0.7578125 0.446875 0.2375 0.70625
4 0.83828125 0.25 0.0828125 0.0859375
10 0.53671875 0.9 0.2046875 0.2
8 0.521875 0.9 0.234375 0.2
10 0.790625 0.85859375 0.303125 0.1171875
3 0.93984375 0.921875 0.1109375 0.071875
5 0.81953125 0.9 0.3609375 0.2
7 0.64609375 0.8453125 0.0140625 0.0625