2 0.1609375 0.165625 0.0625 0.028125
5 0.65078125 0.2 0.0640625 0.053125
0 0.27578125 0.92109375 0.0578125 0.0890625
0 0.34140625 0.92109375 0.0546875 0.0890625
10 0.2828125 0.4171875 0.171875 0.25625
3 0.01875 0.36484375 0.0375 0.0828125
3 0.528125 0.30703125 0.06875 0.0734375
2 0.25703125 0.2359375 0.0640625 0.0125
5 0.971875 0.31640625 0.05625 0.0734375
10 0.95625 0.54921875 0.0875 0.2296875
0 0.95390625 0.9515625 0.0765625 0.096875
0 0.9828125 0.975 0.034375 0.05
8 0.9234375 0.6203125 0.153125 0.759375