10 0.0828125 0.05 0.165625 0.1
5 0.08046875 0.1171875 0.1109375 0.11875
0 0.07890625 0.3859375 0.0546875 0.028125
3 0.03671875 0.0484375 0.0640625 0.0875
3 0.13125 0.06640625 0.046875 0.1046875
6 0.54453125 0.04921875 0.0703125 0.0890625
11 0.56328125 0.28828125 0.1078125 0.2234375
9 0.66953125 0.2 0.3203125 0.4
7 0.53671875 0.14765625 0.0546875 0.0578125
4 0.79140625 0.1453125 0.0828125 0.0859375
10 0.2671875 0.5 0.159375 0.2
0 0.25625 0.96796875 0.059375 0.0640625
0 0.3140625 0.96875 0.05625 0.0625
8 0.25625 0.7 0.35625 0.6
9 0.8765625 0.746875 0.246875 0.50625
11 0.87421875 0.71796875 0.15625 0.165625
4 0.8375 0.8875 0.0625 0.096875
4 0.946875 0.91171875 0.05 0.096875
6 0.903125 0.95625 0.1 0.0875
7 0.87265625 0.60078125 0.053125 0.0546875