5 0.09609375 0.4734375 0.0953125 0.03125
10 0.09140625 0.33984375 0.1640625 0.2984375
3 0.0265625 0.45 0.05 0.078125
3 0.146875 0.45546875 0.05 0.0671875
2 0.08515625 0.109375 0.0671875 0.03125
10 0.79453125 0.24453125 0.4109375 0.4890625
8 0.10625 0.85859375 0.2125 0.2828125
8 0.31953125 0.85234375 0.3828125 0.2953125
10 0.86328125 0.77265625 0.1734375 0.3296875
5 0.85546875 0.9515625 0.1015625 0.096875
3 0.80390625 0.89375 0.0484375 0.096875
3 0.92421875 0.896875 0.0484375 0.103125
2 0.86015625 0.515625 0.0703125 0.03125