10 0.27734375 0.34609375 0.1609375 0.1484375
3 0.2171875 0.15234375 0.053125 0.0765625
3 0.31328125 0.15078125 0.0546875 0.0765625
2 0.2671875 0.140625 0.053125 0.025
10 0.925 0.35234375 0.15 0.2984375
8 0.88984375 0.34296875 0.2203125 0.4484375
10 0.33125 0.62109375 0.209375 0.0828125
0 0.653125 0.5953125 0.04375 0.03125
3 0.446875 0.690625 0.096875 0.065625
8 0.41796875 0.6546875 0.6171875 0.15
5 0.1453125 0.60234375 0.06875 0.0453125
7 0.19765625 0.59140625 0.0421875 0.0234375
8 0.8984375 0.78984375 0.203125 0.4203125
3 0.8359375 0.6359375 0.0515625 0.103125
3 0.98984375 0.62890625 0.0203125 0.0984375
0 0.9140625 0.95859375 0.059375 0.0828125
0 0.96953125 0.9609375 0.0609375 0.078125