10 0.303125 0.309375 0.16875 0.31875
5 0.30234375 0.4828125 0.1109375 0.1125
2 0.3015625 0.065625 0.06875 0.028125
3 0.25703125 0.41640625 0.0640625 0.0796875
3 0.353125 0.43671875 0.05 0.1046875
10 0.77265625 0.0359375 0.2796875 0.071875
10 0.22265625 0.859375 0.1796875 0.28125
5 0.21328125 0.59453125 0.0921875 0.0796875
2 0.21171875 0.64609375 0.0703125 0.0296875
3 0.4703125 0.696875 0.078125 0.078125
10 0.84296875 0.8875 0.3140625 0.225
8 0.775 0.87109375 0.45 0.2578125
5 0.57890625 0.91015625 0.0578125 0.1796875