3 0.1359375 0.178125 0.0625 0.09375
0 0.7390625 0.275 0.065625 0.028125
0 0.83828125 0.27890625 0.0609375 0.0203125
8 0.7921875 0.14453125 0.290625 0.2890625
5 0.1578125 0.41171875 0.059375 0.0609375
5 0.5140625 0.38203125 0.05 0.0671875
10 0.34296875 0.65859375 0.1203125 0.2890625
10 0.5140625 0.58203125 0.05 0.2734375
5 0.346875 0.44296875 0.06875 0.0859375
0 0.1875 0.9453125 0.065625 0.028125
0 0.0640625 0.9171875 0.05 0.0875
8 0.13828125 0.66875 0.1921875 0.628125
8 0.325 0.690625 0.184375 0.61875
8 0.49140625 0.66875 0.0953125 0.6625