10 0.278125 0.0765625 0.18125 0.153125
0 0.27578125 0.44609375 0.0578125 0.0671875
0 0.33671875 0.45 0.0578125 0.059375
3 0.196875 0.13515625 0.0375 0.1046875
0 0.88515625 0.47109375 0.0609375 0.0171875
10 0.90859375 0.11015625 0.1828125 0.2203125
8 0.86953125 0.23984375 0.2609375 0.4796875
10 0.46953125 0.73984375 0.4546875 0.5203125
3 0.1734375 0.8546875 0.13125 0.109375
3 0.6828125 0.98046875 0.1125 0.0390625
10 0.83046875 0.62421875 0.16875 0.246875
0 0.75 0.96953125 0.021875 0.0609375
8 0.8421875 0.73984375 0.20625 0.5203125