10 0.0234375 0.1625 0.046875 0.325
3 0.0546875 0.296875 0.046875 0.096875
8 0.896875 0.2578125 0.20625 0.403125
10 0.92109375 0.3296875 0.1453125 0.259375
5 0.92578125 0.08828125 0.1484375 0.0859375
3 0.8234375 0.428125 0.084375 0.0625
7 0.890625 0.15 0.0515625 0.0546875
5 0.05390625 0.53359375 0.1078125 0.1015625
8 0.14453125 0.7296875 0.2890625 0.540625
10 0.54140625 0.78046875 0.1796875 0.3171875
5 0.53203125 0.4984375 0.0921875 0.078125
2 0.53046875 0.54921875 0.0703125 0.0296875
3 0.7890625 0.6 0.078125 0.078125