10 0.6765625 0.07734375 0.209375 0.1546875
0 0.98828125 0.0734375 0.0234375 0.059375
3 0.7921875 0.1828125 0.096875 0.065625
8 0.72734375 0.1109375 0.5453125 0.221875
5 0.49140625 0.06875 0.06875 0.096875
7 0.54375 0.065625 0.0421875 0.059375
10 0.24765625 0.66328125 0.1765625 0.1671875
0 0.309375 0.990625 0.134375 0.01875
8 0.25703125 0.78984375 0.2859375 0.4203125
8 0.6671875 0.78984375 0.234375 0.4203125
10 0.66328125 0.83984375 0.1640625 0.2421875
3 0.56875 0.98046875 0.046875 0.0390625
3 0.6703125 0.7109375 0.084375 0.084375