10 0.0671875 0.16171875 0.134375 0.3234375
3 0.0484375 0.01953125 0.075 0.0390625
10 0.8046875 0.08671875 0.16875 0.1734375
8 0.79296875 0.209375 0.2765625 0.41875
5 0.03515625 0.65625 0.0703125 0.053125
8 0.0515625 0.8125 0.103125 0.375
10 0.04296875 0.79140625 0.0859375 0.1703125
3 0.0234375 0.9015625 0.046875 0.071875
10 0.828125 0.4546875 0.065625 0.071875
0 0.8484375 0.5609375 0.021875 0.053125
0 0.8125 0.5453125 0.03125 0.05
0 0.75703125 0.53359375 0.0265625 0.0640625
0 0.715625 0.48671875 0.025 0.0515625
8 0.975 0.496875 0.05 0.15625
8 0.72578125 0.5046875 0.1015625 0.171875
8 0.828125 0.50546875 0.09375 0.1734375