0 0.43359375 0.3625 0.0734375 0.09375
0 0.64921875 0.39453125 0.0890625 0.0296875
5 0.02265625 0.5546875 0.0453125 0.1
10 0.05703125 0.7953125 0.1140625 0.271875
8 0.10625 0.740625 0.2125 0.51875
7 0.021875 0.634375 0.04375 0.059375
5 0.33828125 0.43984375 0.0390625 0.0609375
5 0.94375 0.4390625 0.059375 0.059375
5 0.4421875 0.44921875 0.025 0.0515625
5 0.5828125 0.4578125 0.034375 0.03125
10 0.7140625 0.53046875 0.071875 0.1859375
10 0.5859375 0.5796875 0.0625 0.159375
10 0.34140625 0.58671875 0.0828125 0.2296875
10 0.94140625 0.66953125 0.1171875 0.2984375
10 0.47109375 0.6703125 0.1484375 0.415625
0 0.31015625 0.88359375 0.0421875 0.1046875
0 0.371875 0.88125 0.0375 0.109375
0 0.67890625 0.82421875 0.0390625 0.0828125
0 0.7359375 0.8296875 0.028125 0.075