10 0.265625 0.25859375 0.1765625 0.25
5 0.23203125 0.02265625 0.0828125 0.0453125
3 0.00859375 0.184375 0.0171875 0.078125
13 0.184375 0.31484375 0.36875 0.6296875
10 0.64375 0.16171875 0.3140625 0.265625
8 0.684375 0.16015625 0.63125 0.3203125
3 0.79140625 0.01484375 0.1203125 0.0296875
3 0.846875 0.215625 0.128125 0.1203125
5 0.39453125 0.18125 0.0515625 0.190625
7 0.4421875 0.14140625 0.0734375 0.0734375
10 0.3203125 0.78046875 0.096875 0.3015625
3 0.28125 0.91328125 0.0375 0.1046875
10 0.68671875 0.73671875 0.1734375 0.2140625
8 0.7015625 0.81484375 0.33125 0.3703125