8 0.26328125 0.184375 0.2359375 0.36875
10 0.25703125 0.18671875 0.165625 0.259375
3 0.26640625 0.06171875 0.078125 0.078125
3 0.1640625 0.3453125 0.046875 0.046875
3 0.809375 0.18984375 0.346875 0.3578125
10 0.36640625 0.7828125 0.1765625 0.31875
5 0.35078125 0.4984375 0.0828125 0.075
13 0.25 0.71953125 0.478125 0.5609375
3 0.08671875 0.64296875 0.11875 0.1578125
12 0.35546875 0.54765625 0.1359375 0.203125
5 0.615625 0.38828125 0.08125 0.0390625
0 0.62890625 0.98125 0.0484375 0.0375
0 0.58046875 0.98203125 0.0453125 0.0359375
8 0.6265625 0.684375 0.271875 0.63125
10 0.6078125 0.54765625 0.178125 0.1953125