10 0.40078125 0.42265625 0.1578125 0.2734375
2 0.409375 0.2046875 0.065625 0.025
3 0.37578125 0.53359375 0.0609375 0.0515625
10 0.9015625 0.35625 0.196875 0.40625
10 0.6265625 0.34296875 0.2015625 0.3375
8 0.6296875 0.321875 0.3 0.475
8 0.87265625 0.2796875 0.2546875 0.559375
0 0.040625 0.97421875 0.08125 0.0453125
8 0.059375 0.7796875 0.11875 0.440625
10 0.746875 0.59765625 0.184375 0.0765625
0 0.7453125 0.9484375 0.059375 0.103125
0 0.80546875 0.95390625 0.0609375 0.0921875
3 0.6609375 0.6234375 0.04375 0.1