10 0.34453125 0.3109375 0.0890625 0.215625
5 0.3703125 0.08984375 0.0375 0.0765625
2 0.37265625 0.146875 0.0328125 0.028125
3 0.12578125 0.2421875 0.0890625 0.08125
10 0.6203125 0.13046875 0.171875 0.2609375
5 0.61796875 0.30546875 0.1015625 0.1140625
3 0.5625 0.2453125 0.05 0.103125
3 0.6796875 0.24375 0.05625 0.103125
10 0.090625 0.69375 0.18125 0.346875
10 0.6203125 0.8265625 0.303125 0.178125
10 0.653125 0.52265625 0.2796875 0.1796875
8 0.65390625 0.52109375 0.3296875 0.2046875
8 0.63046875 0.78046875 0.3484375 0.28125
8 0.66640625 0.965625 0.3484375 0.06875