10 0.0625 0.15390625 0.125 0.3078125
5 0.04765625 0.325 0.0953125 0.11875
3 0.01484375 0.25546875 0.0296875 0.0828125
3 0.09296875 0.27578125 0.0484375 0.1046875
5 0.4859375 0.28984375 0.115625 0.1265625
0 0.49375 0.540625 0.05625 0.05625
0 0.5515625 0.54140625 0.071875 0.0546875
10 0.4984375 0.1 0.1875 0.2
3 0.43515625 0.2203125 0.0453125 0.1
3 0.55390625 0.21796875 0.0578125 0.1015625
10 0.33984375 0.7328125 0.0984375 0.240625
8 0.2984375 0.784375 0.18125 0.43125
8 0.6078125 0.784375 0.24375 0.43125
10 0.60078125 0.87578125 0.175 0.246875
3 0.60703125 0.74609375 0.0875 0.0859375