10 0.27421875 0.36484375 0.1765625 0.3046875
5 0.2765625 0.0609375 0.0875 0.121875
2 0.271875 0.153125 0.053125 0.028125
3 0.22109375 0.11015625 0.0640625 0.0921875
3 0.3359375 0.07421875 0.05 0.1140625
10 0.58515625 0.39453125 0.0328125 0.2890625
10 0.69609375 0.33046875 0.1328125 0.2734375
5 0.58671875 0.18203125 0.0359375 0.0765625
5 0.6578125 0.13359375 0.065625 0.0890625
5 0.73125 0.140625 0.071875 0.071875
8 0.73359375 0.3046875 0.2484375 0.46875
10 0.21875 0.721875 0.153125 0.24375
8 0.2265625 0.76953125 0.265625 0.4609375