5 0.53828125 0.21875 0.0828125 0.09375
10 0.67109375 0.053125 0.1734375 0.10625
3 0.6953125 0.01796875 0.06875 0.0359375
5 0.77734375 0.05 0.1046875 0.1
10 0.1640625 0.57578125 0.303125 0.2
3 0.3484375 0.465625 0.1375 0.103125
3 0.31328125 0.6796875 0.1109375 0.071875
5 0.28984375 0.58828125 0.5796875 0.3765625
7 0.01328125 0.603125 0.0265625 0.0625
5 0.9296875 0.384375 0.1125 0.05
8 0.9109375 0.6796875 0.178125 0.640625
3 0.97734375 0.76015625 0.0453125 0.0828125
0 0.8328125 0.9609375 0.065625 0.078125