10 0.13046875 0.1328125 0.1734375 0.265625
5 0.12265625 0.29453125 0.1015625 0.1265625
3 0.07265625 0.22265625 0.0515625 0.0984375
3 0.19140625 0.22109375 0.0453125 0.0953125
3 0.7 0.165625 0.08125 0.33125
3 0.89375 0.32734375 0.2125 0.3640625
10 0.11796875 0.8453125 0.1796875 0.309375
5 0.10859375 0.56640625 0.0921875 0.0796875
3 0.36640625 0.66875 0.0765625 0.084375
2 0.10859375 0.61953125 0.0703125 0.0296875
10 0.90390625 0.60546875 0.1734375 0.1921875
5 0.89609375 0.73046875 0.1015625 0.1265625
0 0.903125 0.97265625 0.053125 0.0546875
0 0.9625 0.98125 0.065625 0.0375
3 0.84453125 0.6578125 0.0484375 0.096875
3 0.96484375 0.6609375 0.0484375 0.103125