5 0.01953125 0.04296875 0.0390625 0.0765625
10 0.021875 0.2578125 0.04375 0.221875
3 0.08984375 0.11796875 0.0625 0.0859375
5 0.1625 0.37890625 0.0625 0.0203125
5 0.46953125 0.421875 0.0484375 0.0875
5 0.309375 0.4453125 0.046875 0.071875
5 0.39140625 0.46015625 0.0328125 0.0515625
10 0.1515625 0.57265625 0.103125 0.2890625
10 0.3890625 0.59765625 0.0625 0.1921875
10 0.459375 0.60625 0.08125 0.253125
10 0.3078125 0.64765625 0.09375 0.2640625
0 0.21015625 0.9609375 0.0828125 0.078125
0 0.27734375 0.96875 0.0484375 0.0625
0 0.35546875 0.959375 0.0359375 0.08125
0 0.42734375 0.95625 0.0359375 0.084375
0 0.49296875 0.96171875 0.0140625 0.0765625
3 0.10859375 0.73828125 0.0390625 0.0859375
3 0.21171875 0.7140625 0.0203125 0.065625
3 0.26015625 0.7671875 0.0203125 0.04375