10 0.39140625 0.315625 0.1859375 0.34375
8 0.40546875 0.24453125 0.3078125 0.4890625
10 0.6890625 0.0953125 0.159375 0.190625
0 0.6671875 0.478125 0.053125 0.021875
8 0.7953125 0.24453125 0.371875 0.4890625
5 0.0609375 0.50625 0.1 0.034375
5 0.2703125 0.51015625 0.1 0.0421875
5 0.465625 0.49921875 0.1 0.0203125
10 0.07890625 0.66796875 0.1578125 0.3171875
10 0.2796875 0.6734375 0.175 0.28125
10 0.471875 0.66171875 0.159375 0.3015625
0 0.04453125 0.9703125 0.0890625 0.059375
0 0.09375 0.98203125 0.103125 0.0359375
0 0.2640625 0.96328125 0.1 0.0734375
0 0.309375 0.98515625 0.09375 0.0296875
0 0.43125 0.98671875 0.090625 0.0265625
8 0.46953125 0.74453125 0.1796875 0.5109375
8 0.28359375 0.74453125 0.1953125 0.5109375
8 0.0765625 0.74453125 0.153125 0.5109375
10 0.96953125 0.73359375 0.0609375 0.2640625
8 0.92734375 0.74453125 0.1453125 0.5109375