8 0.1234375 0.39453125 0.234375 0.7890625
10 0.11953125 0.26328125 0.1640625 0.2421875
0 0.109375 0.75859375 0.0625 0.0609375
0 0.1734375 0.76171875 0.071875 0.0546875
3 0.025 0.43515625 0.046875 0.1
3 0.1265625 0.134375 0.084375 0.084375
8 0.67421875 0.39453125 0.2359375 0.7890625
10 0.66796875 0.26953125 0.165625 0.259375
3 0.67734375 0.14453125 0.078125 0.078125
3 0.575 0.4578125 0.046875 0.10625
0 0.6515625 0.759375 0.06875 0.059375
0 0.7203125 0.76328125 0.0625 0.0515625
8 0.29375 0.89453125 0.271875 0.2109375
10 0.275 0.915625 0.178125 0.16875
10 0.9140625 0.94921875 0.171875 0.1015625
8 0.87578125 0.89453125 0.2484375 0.2109375