9 0.21953125 0.334375 0.2515625 0.66875
1 0.21015625 0.6171875 0.0703125 0.103125
1 0.275 0.62265625 0.071875 0.0921875
11 0.2140625 0.0796875 0.15625 0.159375
4 0.178125 0.246875 0.0625 0.096875
4 0.2875 0.27109375 0.05 0.096875
6 0.24375 0.32734375 0.1 0.1109375
8 0.67265625 0.36796875 0.0671875 0.6015625
3 0.23046875 0.89609375 0.3359375 0.2078125
10 0.8203125 0.70703125 0.2875 0.0765625
10 0.81953125 0.9234375 0.2484375 0.153125
8 0.81953125 0.8859375 0.3609375 0.228125
8 0.815625 0.71171875 0.353125 0.0859375