0 0.30234375 0.41953125 0.0515625 0.0796875
0 0.3578125 0.41640625 0.065625 0.0859375
10 0.30703125 0.03515625 0.1640625 0.0703125
5 0.6796875 0.0328125 0.078125 0.065625
5 0.91015625 0.08046875 0.034375 0.0578125
5 0.53359375 0.11953125 0.04375 0.06875
5 0.63984375 0.1359375 0.021875 0.0390625
5 0.78125 0.15703125 0.028125 0.0421875
10 0.9078125 0.2296875 0.075 0.1953125
10 0.53828125 0.27890625 0.0796875 0.2265625
10 0.78125 0.2828125 0.059375 0.15625
10 0.6625 0.3265625 0.14375 0.346875
5 0.3125 0.54609375 0.253125 0.0921875
8 0.21953125 0.75 0.4390625 0.5
5 0.83984375 0.5671875 0.2671875 0.134375