8 0.2140625 0.2296875 0.1875 0.459375
10 0.20390625 0.10234375 0.14375 0.1765625
5 0.61953125 0.159375 0.0890625 0.1
10 0.63671875 0.359375 0.1609375 0.2
2 0.62578125 0.19921875 0.0546875 0.0203125
3 0.54453125 0.21875 0.0546875 0.090625
3 0.71015625 0.2171875 0.0578125 0.090625
10 0.290625 0.74140625 0.096875 0.5171875
10 0.16015625 0.6484375 0.1046875 0.25
5 0.728125 0.5203125 0.21875 0.121875
10 0.73359375 0.88828125 0.4078125 0.2234375
10 0.44765625 0.90859375 0.1046875 0.1828125
2 0.73046875 0.5640625 0.1796875 0.109375