5 0.04609375 0.090625 0.0921875 0.103125
10 0.07578125 0.31875 0.1515625 0.25625
3 0.3109375 0.20859375 0.06875 0.0734375
2 0.03984375 0.1328125 0.0640625 0.021875
10 0.76953125 0.26953125 0.4609375 0.5390625
8 0.13984375 0.76953125 0.2796875 0.4609375
10 0.13359375 0.6421875 0.1921875 0.20625
3 0.02578125 0.73515625 0.0515625 0.1015625
3 0.23671875 0.78203125 0.1 0.13125
8 0.5953125 0.76953125 0.1125 0.4609375
10 0.57421875 0.7609375 0.0703125 0.246875
3 0.55546875 0.63203125 0.0328125 0.0859375