10 0.06484375 0.31328125 0.1296875 0.3515625
8 0.11171875 0.3296875 0.2234375 0.659375
8 0.66484375 0.3296875 0.1515625 0.659375
10 0.64375 0.221875 0.109375 0.259375
3 0.6265625 0.096875 0.075 0.078125
10 0.0234375 0.8515625 0.046875 0.046875
10 0.1203125 0.91953125 0.065625 0.0765625
10 0.31015625 0.9140625 0.0578125 0.05
5 0.11328125 0.859375 0.0359375 0.034375
0 0.1046875 0.99375 0.03125 0.0125
0 0.04921875 0.984375 0.0265625 0.03125
0 0.01015625 0.95390625 0.0203125 0.0515625
0 0.34140625 0.9953125 0.0234375 0.009375
0 0.32265625 0.99375 0.0234375 0.0125
8 0.30546875 0.92109375 0.1265625 0.1578125
8 0.034375 0.9046875 0.06875 0.190625
8 0.1203125 0.9125 0.09375 0.175