6 0.2265625 0.103125 0.096875 0.084375
11 0.2421875 0.33203125 0.1328125 0.2390625
9 0.26953125 0.26640625 0.5390625 0.4046875
4 0.5015625 0.2234375 0.075 0.0734375
7 0.2375 0.17421875 0.065625 0.065625
10 0.759375 0.09453125 0.065625 0.0765625
10 0.94921875 0.0890625 0.0578125 0.05
5 0.75234375 0.034375 0.0359375 0.034375
0 0.7796875 0.203125 0.021875 0.053125
0 0.74375 0.1875 0.03125 0.05
0 0.6953125 0.17578125 0.0125 0.0640625
0 0.98046875 0.184375 0.0234375 0.0375
0 0.96171875 0.1796875 0.0234375 0.034375
8 0.940625 0.1171875 0.11875 0.2
8 0.76015625 0.11796875 0.09375 0.234375
10 0.3046875 0.55078125 0.159375 0.1640625
0 0.29375 0.984375 0.059375 0.03125
0 0.3515625 0.98515625 0.05625 0.0296875
8 0.29375 0.734375 0.35625 0.53125
8 0.82734375 0.734375 0.2765625 0.53125
3 0.88125 0.4921875 0.140625 0.046875