5 0.19140625 0.01953125 0.0765625 0.0390625
10 0.2109375 0.21796875 0.14375 0.2390625
3 0.13125 0.140625 0.06875 0.04375
3 0.26484375 0.12109375 0.0640625 0.0515625
2 0.190625 0.0359375 0.059375 0.021875
5 0.58046875 0.06640625 0.078125 0.08125
5 0.81015625 0.12109375 0.034375 0.0578125
5 0.446875 0.159375 0.015625 0.06875
5 0.53984375 0.1765625 0.021875 0.0390625
5 0.68125 0.19765625 0.028125 0.0421875
10 0.8078125 0.2703125 0.0734375 0.1953125
10 0.45859375 0.31953125 0.0390625 0.2265625
10 0.68125 0.3234375 0.059375 0.15625
10 0.5625 0.346875 0.14375 0.30625
5 0.1203125 0.515625 0.0375 0.03125
5 0.19375 0.53984375 0.040625 0.0796875
5 0.36875 0.634375 0.059375 0.0625
10 0.128125 0.63984375 0.046875 0.1875
10 0.00703125 0.64375 0.0140625 0.19375
10 0.059375 0.653125 0.09375 0.253125
10 0.184375 0.6734375 0.08125 0.234375
10 0.35546875 0.8234375 0.1078125 0.26875
0 0.2734375 0.990625 0.05 0.01875
0 0.2453125 0.98203125 0.059375 0.0359375
0 0.19921875 0.959375 0.0515625 0.071875