10 0.06328125 0.10859375 0.1265625 0.2171875
0 0.03203125 0.5765625 0.0640625 0.084375
0 0.09921875 0.57890625 0.0671875 0.0796875
8 0.1015625 0.309375 0.203125 0.61875
11 0.59609375 0.37578125 0.0734375 0.2421875
6 0.57421875 0.115625 0.0296875 0.090625
9 0.6859375 0.33984375 0.253125 0.5578125
4 0.7734375 0.21171875 0.071875 0.10625
7 0.56875 0.22421875 0.01875 0.0609375
10 0.44609375 0.77109375 0.1671875 0.3046875
10 0.59453125 0.728125 0.0703125 0.21875
3 0.63125 0.81015625 0.046875 0.1015625