10 0.04609375 0.3796875 0.0921875 0.259375
2 0.01484375 0.17421875 0.0296875 0.0328125
2 0.02265625 0.259375 0.0453125 0.084375
10 0.0171875 0.74453125 0.034375 0.3234375
3 0.0125 0.81484375 0.025 0.0890625
5 0.575 0.55 0.1 0.08125
5 0.784375 0.55390625 0.1 0.0890625
5 0.96484375 0.54296875 0.0703125 0.0671875
10 0.590625 0.73515625 0.1625 0.3171875
10 0.79375 0.740625 0.175 0.28125
10 0.953125 0.72890625 0.09375 0.3015625
8 0.946875 0.7546875 0.10625 0.490625
8 0.79765625 0.7546875 0.1953125 0.490625
8 0.57109375 0.7546875 0.1921875 0.490625