8 0.45390625 0.1796875 0.1515625 0.359375
8 0.76484375 0.07578125 0.4703125 0.1515625
10 0.65546875 0.04609375 0.2515625 0.0921875
3 0.82734375 0.1171875 0.1328125 0.0578125
9 0.1953125 0.6796875 0.275 0.640625
11 0.1953125 0.59609375 0.1515625 0.2515625
4 0.29375 0.44609375 0.0625 0.1078125
6 0.184375 0.37890625 0.078125 0.0390625
4 0.08359375 0.4640625 0.06875 0.08125
7 0.1890625 0.43203125 0.0515625 0.053125
0 0.97421875 0.5546875 0.0515625 0.0625
10 0.61953125 0.590625 0.1796875 0.19375
8 0.76484375 0.5765625 0.4703125 0.325