5 0.05859375 0.0921875 0.09375 0.096875
8 0.0703125 0.2640625 0.140625 0.45
10 0.04921875 0.32265625 0.0984375 0.2328125
3 0.00703125 0.2015625 0.0140625 0.109375
3 0.1609375 0.23125 0.059375 0.1015625
5 0.38125 0.1203125 0.025 0.078125
10 0.4140625 0.346875 0.090625 0.25625
2 0.3765625 0.1640625 0.015625 0.021875
3 0.465625 0.1515625 0.05 0.103125
3 0.04375 0.734375 0.0875 0.096875
3 0.3515625 0.734375 0.034375 0.10625
10 0.44375 0.56015625 0.15 0.1421875
0 0.434375 0.97890625 0.05625 0.0421875
0 0.49609375 0.97734375 0.0609375 0.0453125