5 0.1046875 0.04140625 0.115625 0.0828125
0 0.1125 0.25546875 0.05625 0.0265625
0 0.1703125 0.25625 0.071875 0.025
0 0.74921875 0.24296875 0.0515625 0.0515625
0 0.80625 0.2453125 0.065625 0.046875
5 0.20625 0.30078125 0.15625 0.0640625
8 0.20703125 0.621875 0.2328125 0.70625
10 0.1734375 0.5140625 0.121875 0.2578125
3 0.2765625 0.66640625 0.0828125 0.0890625
0 0.2359375 0.91484375 0.1234375 0.06875
7 0.25625 0.35625 0.0265625 0.046875
10 0.52421875 0.55234375 0.2109375 0.2046875
8 0.709375 0.540625 0.58125 0.265625
3 0.675 0.50078125 0.125 0.1046875
0 0.9671875 0.503125 0.065625 0.178125
0 0.8953125 0.48515625 0.0578125 0.075