10 0.34140625 0.315625 0.1734375 0.334375
2 0.3359375 0.0609375 0.06875 0.03125
3 0.24921875 0.4546875 0.0390625 0.109375
3 0.4234375 0.453125 0.0125 0.103125
10 0.65 0.08125 0.159375 0.1625
0 0.64140625 0.4625 0.0515625 0.09375
0 0.7171875 0.4609375 0.10625 0.0875
10 0.028125 0.88125 0.05625 0.2375
3 0.0671875 0.6640625 0.053125 0.0875
8 0.77265625 0.7546875 0.2390625 0.490625
10 0.76953125 0.5765625 0.1703125 0.134375
3 0.6921875 0.7015625 0.0515625 0.103125
3 0.85625 0.69453125 0.0390625 0.0984375