11 0.04609375 0.06328125 0.0921875 0.1265625
1 0.09296875 0.50859375 0.0734375 0.0609375
1 0.021875 0.50625 0.04375 0.065625
9 0.159375 0.26953125 0.31875 0.5390625
7 0.75234375 0.0453125 0.2359375 0.090625
4 0.609375 0.48671875 0.11875 0.1046875
4 0.959375 0.44609375 0.08125 0.0859375
9 0.40859375 0.81015625 0.2828125 0.3796875
4 0.2953125 0.71328125 0.075 0.0671875
6 0.4515625 0.63984375 0.1125 0.0546875
7 0.4546875 0.690625 0.0640625 0.028125
13 0.6390625 0.728125 0.178125 0.378125
12 0.59453125 0.5671875 0.0890625 0.05625