10 0.18984375 0.20234375 0.1671875 0.3390625
0 0.18515625 0.6375 0.0515625 0.025
0 0.24453125 0.63828125 0.0546875 0.0234375
3 0.109375 0.35234375 0.034375 0.1015625
3 0.27578125 0.34609375 0.0390625 0.0953125
10 0.78125 0.28203125 0.18125 0.3328125
2 0.7765625 0.04296875 0.075 0.0296875
3 0.803125 0.14296875 0.075 0.0703125
3 0.69609375 0.42734375 0.0390625 0.0953125
0 0.3953125 0.94453125 0.06875 0.0921875
8 0.37734375 0.825 0.1046875 0.35
10 0.70625 0.91875 0.175 0.1625
2 0.70234375 0.75234375 0.0671875 0.0359375