8 0.04765625 0.284375 0.0953125 0.56875
10 0.5296875 0.409375 0.38125 0.31875
10 0.884375 0.44140625 0.23125 0.2546875
5 0.878125 0.07265625 0.184375 0.1453125
5 0.53203125 0.04453125 0.1953125 0.0890625
8 0.5859375 0.284375 0.49375 0.56875
8 0.87890625 0.284375 0.2421875 0.56875
2 0.528125 0.08359375 0.15625 0.0703125
2 0.8859375 0.128125 0.16875 0.0578125
10 0.64140625 0.80625 0.1609375 0.24375
5 0.6109375 0.58828125 0.084375 0.0390625
3 0.39453125 0.628125 0.0734375 0.096875
3 0.82421875 0.60234375 0.0609375 0.0671875
2 0.61015625 0.6171875 0.0671875 0.021875