10 0.06171875 0.1046875 0.1234375 0.209375
0 0.03515625 0.50078125 0.0546875 0.0765625
0 0.090625 0.50390625 0.059375 0.0703125
3 0.1390625 0.18359375 0.0375 0.1046875
10 0.7390625 0.27890625 0.3140625 0.265625
8 0.6984375 0.26328125 0.603125 0.3484375
3 0.8875 0.12109375 0.1203125 0.053125
3 0.9390625 0.33203125 0.121875 0.1203125
5 0.45625 0.29921875 0.1203125 0.190625
7 0.5375 0.25859375 0.0734375 0.0734375
10 0.16640625 0.83828125 0.1734375 0.3234375
3 0.07421875 0.96796875 0.0328125 0.0640625
3 0.2609375 0.9671875 0.046875 0.065625
2 0.16171875 0.58984375 0.0609375 0.0296875