11 0.0390625 0.28828125 0.078125 0.2234375
6 0.0171875 0.04140625 0.034375 0.0828125
9 0.12890625 0.2 0.2578125 0.4
4 0.21875 0.13359375 0.071875 0.10625
7 0.01171875 0.14609375 0.0234375 0.0609375
10 0.9171875 0.08984375 0.165625 0.1796875
8 0.88046875 0.2 0.2390625 0.4
3 0.79296875 0.21796875 0.0703125 0.13125
10 0.04765625 0.4828125 0.0953125 0.165625
8 0.065625 0.7 0.13125 0.6
0 0.07421875 0.93984375 0.1484375 0.1015625
3 0.10546875 0.6078125 0.040625 0.0875
10 0.77109375 0.515625 0.1703125 0.23125
0 0.76796875 0.9359375 0.0546875 0.103125
0 0.8234375 0.94375 0.059375 0.10625
3 0.6875 0.6046875 0.034375 0.096875
3 0.87578125 0.60078125 0.0453125 0.0984375