0 0.12109375 0.22578125 0.0546875 0.0671875
0 0.1765625 0.22890625 0.059375 0.0609375
5 0.70859375 0.0453125 0.1953125 0.090625
2 0.69375 0.0859375 0.178125 0.08125
6 0.39375 0.38828125 0.03125 0.0890625
11 0.38125 0.6375 0.05625 0.24375
9 0.26328125 0.6640625 0.2921875 0.671875
4 0.16171875 0.528125 0.0921875 0.084375
10 0.5984375 0.50234375 0.165625 0.3453125
0 0.60390625 0.9609375 0.0546875 0.078125
0 0.66171875 0.96953125 0.0640625 0.0609375
3 0.52578125 0.66015625 0.0453125 0.1046875
3 0.6953125 0.64765625 0.0375 0.0984375
2 0.5984375 0.2671875 0.078125 0.015625