10 0.21484375 0.26171875 0.1734375 0.3171875
2 0.20234375 0.04921875 0.0609375 0.0359375
3 0.1484375 0.0109375 0.0625 0.021875
3 0.26015625 0.0171875 0.0453125 0.034375
10 0.72109375 0.03828125 0.1734375 0.0765625
0 0.71171875 0.40859375 0.0484375 0.1015625
0 0.76796875 0.41640625 0.0609375 0.0859375
8 0.7125 0.2296875 0.346875 0.459375
10 0.08359375 0.55390625 0.1671875 0.1890625
3 0.1765625 0.65859375 0.1 0.065625
8 0.21484375 0.5796875 0.4296875 0.240625
10 0.49453125 0.52734375 0.1296875 0.1359375
0 0.47890625 0.93984375 0.0515625 0.0703125
0 0.528125 0.93515625 0.05 0.0796875
8 0.5390625 0.72265625 0.21875 0.5265625