3 0.1078125 0.16953125 0.06875 0.0734375
10 0.51171875 0.11328125 0.1640625 0.2265625
5 0.51171875 0.26328125 0.1078125 0.1109375
8 0.51640625 0.1796875 0.2828125 0.359375
10 0.29140625 0.76015625 0.1171875 0.4796875
8 0.24921875 0.6796875 0.2015625 0.640625
8 0.04375 0.709375 0.0875 0.58125
8 0.85 0.690625 0.3 0.61875
10 0.8671875 0.72734375 0.20625 0.30625
5 0.828125 0.45546875 0.175 0.1
3 0.79453125 0.92890625 0.128125 0.1140625
3 0.98359375 0.86640625 0.0328125 0.1046875
7 0.8640625 0.5234375 0.0875 0.0671875