10 0.259375 0.28125 0.225 0.35
5 0.240625 0.015625 0.084375 0.03125
2 0.240625 0.05 0.075 0.028125
3 0.50234375 0.1 0.0796875 0.084375
10 0.59375 0.378125 0.0875 0.18125
3 0.69140625 0.3328125 0.115625 0.1046875
0 0.97265625 0.34375 0.0546875 0.165625
0 0.90078125 0.321875 0.0484375 0.0734375
8 0.775 0.36328125 0.45 0.2109375
3 0.07421875 0.71640625 0.1484375 0.3796875
3 0.36484375 0.846875 0.3453125 0.30625
5 0.87734375 0.6265625 0.0609375 0.028125
10 0.86875 0.7203125 0.078125 0.109375
0 0.84375 0.9125 0.06875 0.015625
0 0.90859375 0.9046875 0.0578125 0.021875
8 0.8875 0.7734375 0.1828125 0.3265625