5 0.11875 0.22421875 0.115625 0.1265625
0 0.1265625 0.46328125 0.05625 0.0328125
0 0.184375 0.4640625 0.071875 0.03125
10 0.13125 0.0671875 0.1875 0.134375
3 0.06796875 0.1546875 0.0453125 0.1
3 0.18671875 0.15234375 0.0578125 0.1015625
0 0.9671875 0.4296875 0.065625 0.09375
10 0.071875 0.7703125 0.14375 0.3375
5 0.03359375 0.5 0.0671875 0.040625
3 0.26015625 0.596875 0.0796875 0.1125
2 0.03203125 0.53359375 0.0640625 0.0296875
9 0.6546875 0.73984375 0.1875 0.5203125
1 0.653125 0.98828125 0.153125 0.0234375
4 0.65625 0.70078125 0.04375 0.1078125