6 0.084375 0.13359375 0.0984375 0.0828125
11 0.0984375 0.3625 0.1359375 0.2453125
9 0.19609375 0.40703125 0.3921875 0.6234375
4 0.353125 0.2328125 0.0828125 0.08125
7 0.09453125 0.21328125 0.065625 0.059375
5 0.4171875 0.74765625 0.078125 0.0578125
5 0.1 0.746875 0.059375 0.05625
10 0.23359375 0.859375 0.1296875 0.28125
10 0.0140625 0.87421875 0.028125 0.2390625
10 0.171875 0.9265625 0.0265625 0.1203125
10 0.05234375 0.9328125 0.0171875 0.134375
10 0.0265625 0.9453125 0.0296875 0.10625
10 0.28046875 0.92265625 0.0484375 0.1546875
10 0.13359375 0.9359375 0.0515625 0.128125
10 0.09140625 0.9078125 0.1046875 0.184375
10 0.40625 0.9171875 0.159375 0.165625