3 0.34765625 0.13203125 0.0390625 0.0953125
10 0.66171875 0.20078125 0.1203125 0.2890625
10 0.85703125 0.13046875 0.0984375 0.2609375
10 0.95390625 0.16640625 0.0921875 0.2546875
5 0.665625 0.0140625 0.06875 0.028125
8 0.4859375 0.21953125 0.134375 0.4390625
8 0.64375 0.21953125 0.184375 0.4390625
8 0.85390625 0.21953125 0.1828125 0.4390625
8 0.94140625 0.21953125 0.1171875 0.4390625
3 0.20703125 0.71796875 0.346875 0.4484375
10 0.83203125 0.8828125 0.1640625 0.15
8 0.82734375 0.7828125 0.3453125 0.434375