10 0.48984375 0.25703125 0.1203125 0.2640625
8 0.4625 0.19453125 0.175 0.3890625
7 0.52890625 0.1 0.0421875 0.059375
8 0.89140625 0.19296875 0.2171875 0.3859375
3 0.80078125 0.03125 0.0578125 0.0625
3 0.98203125 0.0203125 0.0359375 0.040625
0 0.896875 0.3265625 0.0578125 0.0984375
0 0.95078125 0.33125 0.0671875 0.103125
10 0.05703125 0.60625 0.1140625 0.240625
8 0.075 0.69453125 0.15 0.6109375
3 0.12421875 0.76875 0.040625 0.0875
3 0.9875 0.7046875 0.025 0.06875
10 0.90546875 0.82109375 0.1890625 0.1640625
5 0.728125 0.8234375 0.06875 0.1
8 0.8453125 0.81875 0.309375 0.30625
7 0.78359375 0.8203125 0.04375 0.059375