10 0.31171875 0.278125 0.1609375 0.18125
8 0.28203125 0.2078125 0.4140625 0.321875
10 0.7578125 0.19921875 0.184375 0.3296875
3 0.6734375 0.3328125 0.053125 0.071875
3 0.76875 0.03671875 0.071875 0.0734375
3 0.171875 0.48125 0.078125 0.06875
3 0.196875 0.7140625 0.1015625 0.065625
0 0.44609375 0.54453125 0.065625 0.0609375
0 0.39765625 0.60390625 0.04375 0.0625
10 0.09140625 0.59765625 0.1828125 0.1640625
8 0.24453125 0.5953125 0.4890625 0.30625
10 0.5671875 0.4953125 0.15625 0.253125
0 0.51328125 0.9359375 0.0484375 0.10625
0 0.565625 0.94765625 0.0625 0.0984375