8 0.2421875 0.28203125 0.253125 0.4953125
10 0.80234375 0.2515625 0.28125 0.25
8 0.7578125 0.24609375 0.484375 0.3921875
5 0.56015625 0.240625 0.0890625 0.1515625
3 0.9484375 0.1 0.103125 0.1
3 0.953125 0.37578125 0.09375 0.0671875
7 0.63203125 0.253125 0.0546875 0.0703125
5 0.20234375 0.7 0.0953125 0.10625
0 0.18984375 0.984375 0.0515625 0.03125
0 0.24921875 0.9859375 0.0671875 0.028125
10 0.19765625 0.615625 0.1640625 0.171875
8 0.18984375 0.76484375 0.2703125 0.4703125
10 0.7453125 0.79609375 0.378125 0.4078125