8 0.29609375 0.31484375 0.2015625 0.6296875
0 0.25390625 0.61875 0.1171875 0.021875
10 0.3265625 0.1640625 0.0984375 0.1625
0 0.37578125 0.596875 0.1046875 0.065625
3 0.2984375 0.046875 0.053125 0.09375
5 0.7921875 0.11171875 0.090625 0.0953125
10 0.82109375 0.35390625 0.1765625 0.2671875
3 0.6921875 0.2609375 0.046875 0.0875
3 0.92421875 0.23359375 0.0453125 0.0859375
2 0.79375 0.153125 0.0625 0.028125
10 0.58671875 0.9015625 0.1140625 0.196875
8 0.63515625 0.83515625 0.2109375 0.3296875
5 0.57265625 0.70234375 0.084375 0.071875
3 0.68359375 0.72578125 0.071875 0.103125