10 0.18984375 0.09921875 0.1671875 0.1984375
0 0.18515625 0.4953125 0.0515625 0.0875
0 0.24453125 0.49609375 0.0546875 0.0859375
3 0.109375 0.17890625 0.034375 0.1015625
3 0.27578125 0.17265625 0.0390625 0.0953125
10 0.91328125 0.18046875 0.1734375 0.2046875
5 0.75625 0.1671875 0.1 0.1015625
8 0.81171875 0.175 0.3765625 0.34375
0 0.50078125 0.56171875 0.0296875 0.0453125
8 0.3546875 0.58203125 0.4125 0.0859375
6 0.96328125 0.58515625 0.0734375 0.0890625
11 0.95078125 0.834375 0.0984375 0.24375
9 0.8328125 0.76953125 0.334375 0.4609375
7 0.97578125 0.68359375 0.0484375 0.0578125
4 0.71015625 0.725 0.0921875 0.084375