10 0.134375 0.178125 0.175 0.321875
3 0.20546875 0.2359375 0.0640625 0.084375
3 0.05859375 0.309375 0.0390625 0.059375
8 0.91875 0.25703125 0.1625 0.1640625
10 0.325 0.75078125 0.2796875 0.2046875
3 0.51796875 0.69375 0.115625 0.1046875
5 0.0265625 0.7734375 0.053125 0.20625
8 0.3046875 0.74765625 0.609375 0.2578125
7 0.0859375 0.7 0.078125 0.059375
10 0.7921875 0.48984375 0.159375 0.2390625
0 0.78125 0.97265625 0.059375 0.0546875
0 0.8390625 0.9734375 0.05625 0.053125
8 0.784375 0.66953125 0.35 0.6609375