10 0.1296875 0.09296875 0.171875 0.1859375
3 0.08828125 0.13671875 0.0671875 0.0796875
3 0.18828125 0.16015625 0.0453125 0.0984375
9 0.76875 0.15 0.1875 0.3
4 0.7703125 0.27734375 0.04375 0.0453125
0 0.49140625 0.90234375 0.0515625 0.1046875
10 0.5453125 0.5515625 0.046875 0.24375
8 0.5 0.65 0.1375 0.7
10 0.61796875 0.528125 0.0984375 0.31875
5 0.603125 0.7046875 0.06875 0.11875
0 0.58828125 0.9796875 0.0390625 0.040625
0 0.63984375 0.98359375 0.0578125 0.0328125
3 0.6328125 0.65390625 0.046875 0.1046875