10 0.14140625 0.09296875 0.1859375 0.1859375
0 0.13046875 0.49765625 0.0453125 0.0828125
0 0.1859375 0.50703125 0.071875 0.0640625
11 0.8015625 0.371875 0.1609375 0.24375
6 0.7921875 0.1203125 0.0984375 0.09375
9 0.76484375 0.3 0.4703125 0.478125
4 0.565625 0.2109375 0.071875 0.09375
7 0.7984375 0.22265625 0.059375 0.05625
5 0.18984375 0.7015625 0.15625 0.0796875
8 0.18984375 0.8328125 0.2328125 0.334375
10 0.15625 0.89609375 0.121875 0.2078125
7 0.2390625 0.7640625 0.0265625 0.046875
10 0.82890625 0.8875 0.2078125 0.225
8 0.8109375 0.7890625 0.31875 0.421875
5 0.809375 0.65 0.2125 0.11875