0 0.22421875 0.6640625 0.0640625 0.1
0 0.2875 0.66953125 0.06875 0.0984375
10 0.23046875 0.1859375 0.1953125 0.334375
3 0.140625 0.33671875 0.040625 0.1046875
3 0.2421875 0.034375 0.075 0.06875
10 0.9375 0.17265625 0.125 0.3171875
0 0.96328125 0.65390625 0.0484375 0.1015625
0 0.99375 0.6671875 0.0125 0.1
3 0.91953125 0.28203125 0.0671875 0.0796875
5 0.2828125 0.81796875 0.1875 0.0953125
8 0.26328125 0.88046875 0.4359375 0.2390625
10 0.9015625 0.859375 0.196875 0.28125
8 0.859375 0.859375 0.28125 0.28125