5 0.01015625 0.08359375 0.0203125 0.0703125
10 0.03828125 0.303125 0.0765625 0.228125
2 0.00625 0.1265625 0.0125 0.01875
3 0.03671875 0.15546875 0.0453125 0.0703125
10 0.6984375 0.434375 0.05 0.03125
7 0.2609375 0.5734375 0.0328125 0.071875
4 0.20625 0.96484375 0.03125 0.0703125
4 0.3296875 0.9578125 0.028125 0.084375
10 0.71640625 0.8421875 0.1640625 0.25625
3 0.5875 0.74296875 0.04375 0.0859375
3 0.81796875 0.7234375 0.0453125 0.084375
2 0.690625 0.64140625 0.065625 0.0296875
5 0.68828125 0.5921875 0.0828125 0.084375