5 0.02421875 0.03046875 0.0484375 0.0609375
10 0.04453125 0.24140625 0.0890625 0.2453125
8 0.0890625 0.33984375 0.178125 0.6796875
10 0.62734375 0.234375 0.1578125 0.25
5 0.5984375 0.02109375 0.084375 0.0421875
3 0.86484375 0.09140625 0.0828125 0.0828125
2 0.60546875 0.04609375 0.0671875 0.0203125
10 0.06640625 0.75625 0.1328125 0.153125
3 0.1421875 0.8109375 0.040625 0.103125
5 0.58046875 0.890625 0.0953125 0.10625
10 0.57578125 0.7859375 0.1640625 0.2125
8 0.56796875 0.83984375 0.2703125 0.3203125