10 0.15234375 0.059375 0.1640625 0.11875
0 0.12578125 0.48046875 0.0671875 0.0765625
0 0.20234375 0.4859375 0.0640625 0.065625
10 0.71640625 0.303125 0.1765625 0.315625
2 0.7046875 0.06640625 0.053125 0.0265625
5 0.371875 0.53828125 0.065625 0.0390625
5 0.59296875 0.571875 0.0140625 0.046875
5 0.2265625 0.61875 0.0390625 0.075
5 0.33125 0.63515625 0.025 0.0515625
5 0.471875 0.64375 0.034375 0.03125
10 0.58359375 0.71484375 0.0328125 0.1859375
10 0.475 0.76484375 0.0625 0.159375
10 0.2296875 0.77265625 0.0828125 0.2296875
10 0.35859375 0.82421875 0.1484375 0.3515625