10 0.05703125 0.1984375 0.1140625 0.340625
8 0.0875 0.26484375 0.175 0.5296875
10 0.71328125 0.39140625 0.2046875 0.2640625
5 0.7015625 0.153125 0.134375 0.06875
8 0.71953125 0.31640625 0.3890625 0.4265625
9 0.2296875 0.76484375 0.25 0.4703125
11 0.2328125 0.6796875 0.1546875 0.26875
4 0.14140625 0.5484375 0.0578125 0.0375
7 0.21875 0.5375 0.065625 0.015625
10 0.60703125 0.5671875 0.1765625 0.075
0 0.596875 0.9390625 0.05 0.103125
0 0.65234375 0.94140625 0.0609375 0.1015625
13 0.72578125 0.76484375 0.4328125 0.4703125