9 0.26875 0.26484375 0.25 0.5296875
11 0.271875 0.1953125 0.1546875 0.26875
4 0.18046875 0.04140625 0.0578125 0.0828125
4 0.33125 0.028125 0.05 0.05625
7 0.25859375 0.0328125 0.065625 0.0578125
8 0.76484375 0.10234375 0.4703125 0.2046875
3 0.90234375 0.1515625 0.09375 0.0671875
10 0.784375 0.05703125 0.2875 0.1140625
5 0.559375 0.0609375 0.059375 0.121875
7 0.615625 0.0796875 0.053125 0.046875
5 0.3609375 0.6328125 0.140625 0.065625
10 0.340625 0.8484375 0.153125 0.24375
8 0.3484375 0.7890625 0.265625 0.421875
10 0.57421875 0.7578125 0.0890625 0.334375
3 0.60234375 0.809375 0.0640625 0.084375