10 0.2546875 0.19453125 0.378125 0.3890625
6 0.56171875 0.16640625 0.0453125 0.0890625
11 0.58046875 0.34140625 0.0828125 0.0953125
9 0.68671875 0.24765625 0.2953125 0.2828125
7 0.55390625 0.26484375 0.0296875 0.0578125
4 0.79609375 0.2625 0.0828125 0.0859375
3 0.26953125 0.696875 0.5390625 0.60625
3 0.809375 0.440625 0.078125 0.06875
3 0.834375 0.6734375 0.1015625 0.065625
10 0.71328125 0.55703125 0.2140625 0.1640625
5 0.5484375 0.559375 0.01875 0.1
8 0.76953125 0.5546875 0.4609375 0.30625
7 0.57890625 0.55625 0.04375 0.059375