10 0.20703125 0.3484375 0.1609375 0.203125
5 0.1765625 0.13359375 0.084375 0.0734375
3 0.3890625 0.1484375 0.0625 0.09375
2 0.178125 0.17890625 0.0625 0.0234375
10 0.725 0.05546875 0.203125 0.1109375
0 0.72109375 0.40703125 0.0515625 0.0859375
0 0.7765625 0.41171875 0.0625 0.0765625
10 0.50078125 0.590625 0.1578125 0.28125
10 0.11640625 0.60703125 0.2328125 0.3109375
5 0.0796875 0.86171875 0.1578125 0.0640625
5 0.51953125 0.86953125 0.1203125 0.0828125
8 0.49296875 0.63125 0.1734375 0.3625
8 0.12109375 0.6296875 0.2421875 0.359375
8 0.12734375 0.9109375 0.2546875 0.178125
8 0.44765625 0.91328125 0.2640625 0.1734375
10 0.96015625 0.79765625 0.0796875 0.3359375
5 0.98046875 0.50234375 0.0390625 0.0953125