5 0.2671875 0.1171875 0.090625 0.10625
10 0.296875 0.32734375 0.175 0.2234375
3 0.22421875 0.1859375 0.0546875 0.078125
3 0.33125 0.17734375 0.059375 0.0734375
2 0.27734375 0.171875 0.0515625 0.025
8 0.8078125 0.21953125 0.234375 0.4390625
10 0.80390625 0.14765625 0.1640625 0.2421875
3 0.709375 0.31953125 0.046875 0.1
3 0.8109375 0.03046875 0.084375 0.0609375
10 0.33125 0.77734375 0.165625 0.3453125
3 0.25859375 0.93515625 0.0453125 0.1046875
3 0.428125 0.92265625 0.0375 0.0984375
2 0.33125 0.52890625 0.078125 0.0421875
5 0.8828125 0.52421875 0.0984375 0.090625
8 0.8859375 0.75 0.228125 0.5
3 0.98359375 0.85625 0.0328125 0.0875
3 0.809375 0.87734375 0.040625 0.071875