10 0.390625 0.03984375 0.1375 0.0796875
0 0.3671875 0.375 0.065625 0.078125
0 0.44765625 0.3875 0.0234375 0.0875
8 0.3671875 0.2265625 0.184375 0.453125
10 0.8453125 0.3765625 0.309375 0.165625
5 0.8 0.0625 0.184375 0.125
8 0.60703125 0.2296875 0.2953125 0.459375
8 0.83984375 0.2296875 0.3203125 0.459375
2 0.49375 0.06328125 0.06875 0.0703125
2 0.8078125 0.1078125 0.16875 0.0578125
5 0.01640625 0.521875 0.0328125 0.065625
10 0.7796875 0.55234375 0.16875 0.1859375
0 0.68359375 0.8890625 0.05625 0.1015625
0 0.80078125 0.965625 0.1015625 0.06875
8 0.7640625 0.7296875 0.2625 0.540625