8 0.14296875 0.36484375 0.2421875 0.5890625
3 0.09375 0.46640625 0.0703125 0.090625
3 0.18515625 0.4859375 0.0515625 0.1015625
10 0.13671875 0.32421875 0.1328125 0.24375
10 0.765625 0.29296875 0.165625 0.3640625
3 0.79375 0.403125 0.078125 0.11875
3 0.86484375 0.44921875 0.0359375 0.0953125
2 0.7765625 0.04453125 0.078125 0.0296875
10 0.2953125 0.76484375 0.16875 0.2109375
8 0.240625 0.8296875 0.396875 0.340625
10 0.7390625 0.72265625 0.209375 0.1265625
3 0.8546875 0.8140625 0.096875 0.065625
8 0.75859375 0.75625 0.4828125 0.19375
5 0.553125 0.70390625 0.06875 0.0890625
7 0.60625 0.696875 0.0421875 0.059375