10 0.14375 0.09453125 0.18125 0.1890625
0 0.14296875 0.4625 0.0546875 0.034375
0 0.19921875 0.46875 0.0578125 0.021875
3 0.05859375 0.16796875 0.0390625 0.0953125
3 0.4390625 0.10390625 0.178125 0.2078125
3 0.74921875 0.20859375 0.3328125 0.4171875
10 0.0390625 0.68203125 0.078125 0.4046875
8 0.28359375 0.70859375 0.1328125 0.4578125
8 0.078125 0.73984375 0.15625 0.5203125
9 0.79765625 0.73984375 0.2515625 0.5203125
11 0.79296875 0.66328125 0.15625 0.165625
4 0.75625 0.8328125 0.0625 0.096875
4 0.865625 0.85703125 0.05 0.096875
6 0.821875 0.91328125 0.1 0.1109375
7 0.79140625 0.54609375 0.053125 0.0546875