10 0.12109375 0.1390625 0.1640625 0.278125
5 0.12109375 0.31484375 0.1078125 0.1109375
0 0.1203125 0.56875 0.05 0.040625
0 0.17734375 0.57421875 0.0640625 0.0296875
3 0.06875 0.25078125 0.046875 0.0984375
3 0.17734375 0.25234375 0.0546875 0.0953125
10 0.48515625 0.13515625 0.1734375 0.2703125
0 0.471875 0.54921875 0.065625 0.0796875
0 0.559375 0.5625 0.078125 0.053125
8 0.52734375 0.29453125 0.2765625 0.5890625
10 0.76015625 0.90390625 0.3140625 0.1921875
8 0.709375 0.87578125 0.58125 0.2484375
3 0.909375 0.78359375 0.1203125 0.053125
3 0.95 0.9671875 0.1 0.065625
5 0.47734375 0.9328125 0.1203125 0.134375
7 0.559375 0.92109375 0.0734375 0.0734375