11 0.23671875 0.1671875 0.1453125 0.25
9 0.2171875 0.234375 0.184375 0.46875
7 0.23984375 0.0140625 0.0640625 0.028125
4 0.17734375 0.3234375 0.0515625 0.103125
4 0.28984375 0.3234375 0.0390625 0.109375
6 0.2375 0.3953125 0.1 0.1125
10 0.828125 0.16796875 0.34375 0.3359375
10 0.37109375 0.15546875 0.1234375 0.3109375
8 0.7859375 0.18203125 0.428125 0.3640625
8 0.41015625 0.22578125 0.2015625 0.4515625
10 0.1828125 0.8328125 0.253125 0.334375
8 0.1546875 0.734375 0.309375 0.53125
5 0.19921875 0.53515625 0.2015625 0.1328125
10 0.5359375 0.7078125 0.16875 0.315625
8 0.534375 0.734375 0.45 0.53125