8 0.3578125 0.30546875 0.221875 0.6109375
10 0.3296875 0.15 0.121875 0.2578125
3 0.4296875 0.30234375 0.078125 0.0890625
0 0.3921875 0.55078125 0.1234375 0.06875
7 0.41171875 0.0078125 0.0265625 0.015625
10 0.60625 0.43125 0.275 0.178125
10 0.62890625 0.6515625 0.2734375 0.075
10 0.625 0.12734375 0.2796875 0.1796875
8 0.6296875 0.1140625 0.321875 0.228125
8 0.62265625 0.384375 0.3078125 0.28125
8 0.640625 0.6125 0.34375 0.153125
8 0.959375 0.38125 0.08125 0.284375
10 0.234375 0.84453125 0.46875 0.3109375
10 0.8265625 0.7671875 0.16875 0.15625
8 0.78671875 0.84453125 0.4265625 0.3109375