5 0.021875 0.2359375 0.04375 0.053125
8 0.03828125 0.33203125 0.0765625 0.2546875
10 0.0296875 0.37109375 0.059375 0.1703125
10 0.77578125 0.25703125 0.3515625 0.4046875
8 0.7578125 0.2296875 0.484375 0.459375
10 0.165625 0.5359375 0.159375 0.153125
0 0.1546875 0.97421875 0.059375 0.0515625
0 0.2125 0.975 0.05625 0.05
8 0.16640625 0.7296875 0.3328125 0.540625
10 0.76015625 0.56953125 0.1765625 0.2203125
0 0.75 0.98125 0.05 0.0375
0 0.80546875 0.9828125 0.0609375 0.034375
13 0.73984375 0.7296875 0.5203125 0.540625