8 0.3640625 0.40703125 0.25 0.5046875
5 0.3671875 0.19609375 0.1578125 0.0875
10 0.3859375 0.43515625 0.1921875 0.2828125
3 0.2671875 0.5671875 0.0734375 0.1015625
3 0.46328125 0.603125 0.0515625 0.1125
7 0.346875 0.25859375 0.0625 0.059375
10 0.8953125 0.3453125 0.16875 0.31875
5 0.89453125 0.521875 0.1109375 0.11875
2 0.89375 0.1015625 0.06875 0.028125
3 0.84921875 0.45234375 0.0640625 0.0796875
3 0.9453125 0.47265625 0.05 0.1046875
8 0.16015625 0.8296875 0.3203125 0.340625
3 0.73984375 0.6734375 0.0734375 0.028125
5 0.83203125 0.70234375 0.1359375 0.0859375