10 0.51171875 0.14765625 0.2078125 0.2953125
8 0.49375 0.21484375 0.31875 0.4296875
3 0.36875 0.340625 0.06875 0.13125
10 0.85859375 0.1515625 0.1703125 0.303125
3 0.77578125 0.27578125 0.0390625 0.0953125
3 0.959375 0.27734375 0.0375 0.1046875
10 0.25078125 0.8546875 0.1953125 0.290625
2 0.240625 0.628125 0.06875 0.025
8 0.746875 0.73515625 0.175 0.5296875
10 0.709375 0.815625 0.1 0.30625
5 0.68203125 0.54375 0.0453125 0.1
3 0.78828125 0.95234375 0.0796875 0.0953125
7 0.6734375 0.6109375 0.028125 0.06875