10 0.24765625 0.1296875 0.2890625 0.259375
8 0.25703125 0.2796875 0.4453125 0.559375
3 0.44453125 0.25390625 0.0890625 0.1078125
3 0.1046875 0.26015625 0.09375 0.109375
10 0.72578125 0.328125 0.4546875 0.4625
2 0.7234375 0.0203125 0.18125 0.040625
10 0.10703125 0.81015625 0.2140625 0.2046875
8 0.24453125 0.7984375 0.4890625 0.265625
3 0.259375 0.75859375 0.125 0.1046875
0 0.46953125 0.7421875 0.0390625 0.075
10 0.54296875 0.671875 0.1078125 0.225
3 0.49609375 0.73515625 0.0140625 0.0796875
3 0.56953125 0.75859375 0.0453125 0.0984375