8 0.14296875 0.3484375 0.2859375 0.421875
10 0.1296875 0.40546875 0.221875 0.2734375
5 0.11640625 0.1640625 0.14375 0.084375
3 0.26328125 0.53203125 0.0859375 0.0546875
7 0.1078125 0.225 0.071875 0.0546875
10 0.60234375 0.31171875 0.1796875 0.3171875
5 0.59296875 0.034375 0.0921875 0.06875
3 0.85078125 0.13125 0.0765625 0.084375
2 0.59296875 0.08203125 0.0703125 0.0296875
10 0.2 0.7796875 0.4 0.440625
8 0.853125 0.7796875 0.184375 0.440625
3 0.8984375 0.9546875 0.05625 0.090625
10 0.8640625 0.76328125 0.1546875 0.2421875