5 0.4375 0.01640625 0.034375 0.0328125
10 0.53203125 0.03046875 0.1171875 0.0609375
8 0.5375 0.04375 0.2625 0.0875
8 0.834375 0.2 0.33125 0.4
5 0.38203125 0.63046875 0.0453125 0.0921875
10 0.5203125 0.63125 0.178125 0.121875
8 0.46875 0.62265625 0.4 0.2265625
5 0.72265625 0.50078125 0.0484375 0.0484375
5 0.78828125 0.5140625 0.0515625 0.071875
10 0.71484375 0.63984375 0.0765625 0.1546875
10 0.796875 0.6453125 0.090625 0.190625
10 0.971875 0.6265625 0.05625 0.190625
0 0.94453125 0.98203125 0.0546875 0.0265625
0 0.7875 0.9796875 0.046875 0.034375
5 0.9765625 0.4671875 0.046875 0.053125
2 0.72109375 0.5265625 0.0390625 0.01875
2 0.98359375 0.48984375 0.0328125 0.0171875
3 0.9359375 0.73359375 0.021875 0.0515625
3 0.84921875 0.75546875 0.0234375 0.0359375
3 0.73984375 0.74609375 0.0234375 0.0453125
3 0.6796875 0.7578125 0.021875 0.046875