5 0.01484375 0.32109375 0.0296875 0.0921875
10 0.1453125 0.321875 0.178125 0.121875
0 0.4203125 0.3125 0.0625 0.103125
8 0.25234375 0.31328125 0.5046875 0.2265625
10 0.6578125 0.25546875 0.2375 0.4484375
8 0.70625 0.23984375 0.334375 0.4796875
10 0.0421875 0.84609375 0.084375 0.3078125
10 0.2453125 0.8546875 0.25625 0.290625
10 0.478125 0.8578125 0.121875 0.284375
8 0.0671875 0.74765625 0.134375 0.5046875
8 0.2421875 0.74140625 0.384375 0.5171875
8 0.43984375 0.75 0.1984375 0.5
10 0.61015625 0.78203125 0.1328125 0.2734375
5 0.571875 0.58515625 0.065625 0.0890625
5 0.6453125 0.5921875 0.071875 0.071875
8 0.65546875 0.7609375 0.2328125 0.478125