8 0.1265625 0.3796875 0.253125 0.759375
10 0.0890625 0.328125 0.178125 0.30625
5 0.06171875 0.05625 0.1234375 0.1
3 0.0328125 0.52578125 0.065625 0.1234375
3 0.2078125 0.4703125 0.0796875 0.10625
0 0.175 0.7515625 0.134375 0.015625
7 0.07109375 0.12421875 0.071875 0.06875
10 0.7046875 0.340625 0.178125 0.33125
8 0.7203125 0.3828125 0.48125 0.753125
9 0.2609375 0.9015625 0.23125 0.196875
11 0.25234375 0.9703125 0.1640625 0.059375
7 0.2765625 0.91640625 0.06875 0.0625
8 0.73984375 0.97421875 0.5203125 0.0515625