8 0.19921875 0.3171875 0.2921875 0.634375
10 0.2 0.15390625 0.1921875 0.2828125
3 0.2984375 0.32890625 0.109375 0.125
3 0.090625 0.28671875 0.0515625 0.0890625
0 0.1046875 0.59609375 0.1640625 0.075
0 0.26796875 0.59453125 0.096875 0.08125
5 0.64765625 0.15 0.2953125 0.165625
8 0.66640625 0.3734375 0.3328125 0.63125
10 0.3890625 0.7765625 0.221875 0.175
5 0.2078125 0.7484375 0.1 0.1015625
3 0.48984375 0.8734375 0.0203125 0.065625
8 0.3109375 0.80234375 0.378125 0.2265625
3 0.66640625 0.87109375 0.0703125 0.0734375