10 0.12734375 0.05859375 0.2546875 0.1171875
3 0.25234375 0.121875 0.1109375 0.071875
5 0.24453125 0.109375 0.4890625 0.21875
0 0.81171875 0.3734375 0.0640625 0.1
0 0.875 0.3796875 0.06875 0.1
3 0.728125 0.04921875 0.040625 0.0984375
10 0.42734375 0.65390625 0.1234375 0.2453125
8 0.39921875 0.71484375 0.1796875 0.5703125
5 0.44375 0.4609375 0.090625 0.0625
3 0.3359375 0.78203125 0.0703125 0.09375
9 0.8296875 0.71484375 0.25 0.5703125
11 0.8328125 0.5640625 0.1546875 0.26875
1 0.8859375 0.975 0.06875 0.05
1 0.8078125 0.98046875 0.06875 0.0390625
4 0.74140625 0.440625 0.0578125 0.021875