10 0.07578125 0.10234375 0.1515625 0.2046875
8 0.1078125 0.225 0.215625 0.45
10 0.58515625 0.0578125 0.0640625 0.046875
10 0.690625 0.12578125 0.065625 0.0765625
10 0.88046875 0.1203125 0.0578125 0.05
5 0.68359375 0.065625 0.0359375 0.034375
0 0.7109375 0.234375 0.021875 0.053125
0 0.675 0.21875 0.03125 0.05
0 0.61953125 0.20703125 0.0265625 0.0640625
0 0.578125 0.16015625 0.025 0.0515625
0 0.91171875 0.215625 0.0234375 0.0375
0 0.89296875 0.2109375 0.0234375 0.034375
8 0.87578125 0.1484375 0.1265625 0.2
8 0.58828125 0.13984375 0.1015625 0.2484375
8 0.69140625 0.14921875 0.09375 0.234375
10 0.38046875 0.80078125 0.1640625 0.3234375
5 0.38203125 0.965625 0.1078125 0.06875
2 0.3765625 0.56015625 0.0625 0.0296875
3 0.33671875 0.9171875 0.0640625 0.090625
3 0.44140625 0.934375 0.0421875 0.090625
10 0.5953125 0.6859375 0.13125 0.31875
5 0.58046875 0.8625 0.1015625 0.11875
2 0.575 0.453125 0.06875 0.00625
3 0.54609375 0.79296875 0.0328125 0.0796875
3 0.6265625 0.81328125 0.05 0.1046875