8 0.21953125 0.0890625 0.4390625 0.178125
3 0.1140625 0.02890625 0.125 0.0578125
0 0.40625 0.0484375 0.065625 0.096875
0 0.33359375 0.01328125 0.0578125 0.0265625
5 0.7 0.06171875 0.06875 0.0671875
5 0.81171875 0.10390625 0.0609375 0.0578125
10 0.51953125 0.33828125 0.1203125 0.2890625
10 0.71484375 0.26171875 0.0984375 0.2734375
10 0.81953125 0.30390625 0.1078125 0.2546875
5 0.5234375 0.12265625 0.06875 0.0859375
8 0.51640625 0.31484375 0.1546875 0.5078125
8 0.71171875 0.29296875 0.1828125 0.5515625
8 0.828125 0.31796875 0.175 0.5015625
10 0.23125 0.878125 0.28125 0.24375
8 0.21953125 0.83984375 0.4390625 0.3203125
5 0.0171875 0.86953125 0.034375 0.1515625
3 0.3828125 0.7296875 0.1125 0.1
3 0.38359375 0.9859375 0.0953125 0.028125
7 0.06171875 0.8828125 0.0546875 0.0703125
10 0.70703125 0.6875 0.1765625 0.2375
8 0.7203125 0.784375 0.29375 0.43125