8 0.43671875 0.2796875 0.1859375 0.559375
10 0.46875 0.3046875 0.121875 0.30625
5 0.45703125 0.04140625 0.1453125 0.0828125
3 0.4375 0.5046875 0.128125 0.109375
7 0.496875 0.10078125 0.065625 0.0671875
8 0.76484375 0.10625 0.4703125 0.2125
3 0.840625 0.03515625 0.090625 0.0703125
10 0.68671875 0.11953125 0.240625 0.1625
10 0.12109375 0.834375 0.1734375 0.33125
2 0.115625 0.58125 0.06875 0.03125
3 0.02890625 0.96015625 0.0390625 0.0796875
3 0.21953125 0.9609375 0.0453125 0.078125
10 0.56875 0.6828125 0.078125 0.246875
5 0.90859375 0.775 0.1703125 0.13125
3 0.5609375 0.734375 0.0625 0.11875
3 0.62421875 0.78046875 0.0359375 0.0953125