10 0.33984375 0.06875 0.2421875 0.1375
5 0.1484375 0.0359375 0.1 0.071875
3 0.4703125 0.14765625 0.1 0.065625
8 0.33125 0.09453125 0.5375 0.1890625
10 0.78828125 0.31484375 0.1640625 0.1890625
2 0.784375 0.14140625 0.0625 0.0296875
10 0.21640625 0.78046875 0.2046875 0.2640625
5 0.2046875 0.5421875 0.134375 0.06875
8 0.2234375 0.74609375 0.3875 0.5078125
10 0.9296875 0.7609375 0.140625 0.25
5 0.91171875 0.52890625 0.0828125 0.0796875
3 0.65625 0.65546875 0.084375 0.0828125
2 0.91171875 0.57421875 0.0671875 0.0234375