10 0.37265625 0.4515625 0.209375 0.16875
3 0.47265625 0.33125 0.0765625 0.0640625
3 0.4875 0.5640625 0.096875 0.065625
8 0.35 0.446875 0.4 0.3125
5 0.18671875 0.45 0.06875 0.096875
7 0.2390625 0.446875 0.0421875 0.059375
3 0.64296875 0.2671875 0.1859375 0.3375
3 0.8953125 0.4375 0.209375 0.371875
10 0.39296875 0.8 0.1671875 0.240625
3 0.3125 0.90078125 0.034375 0.1015625
3 0.47890625 0.89453125 0.0390625 0.0953125
10 0.82421875 0.88046875 0.2078125 0.2390625
8 0.80625 0.83984375 0.31875 0.3203125