8 0.24296875 0.4 0.2828125 0.2375
10 0.24375 0.45703125 0.175 0.1234375
5 0.23984375 0.31484375 0.1078125 0.0671875
7 0.2453125 0.3609375 0.0578125 0.0390625
3 0.8484375 0.346875 0.259375 0.34375
8 0.40625 0.7984375 0.625 0.225
3 0.51640625 0.7390625 0.09375 0.06875
10 0.35390625 0.8234375 0.2546875 0.1609375
5 0.13515625 0.80703125 0.0890625 0.15625
7 0.20390625 0.7578125 0.0453125 0.028125
10 0.77265625 0.865625 0.1078125 0.121875
0 0.990625 0.85625 0.01875 0.103125
8 0.859375 0.85703125 0.28125 0.2265625