8 0.096875 0.31953125 0.19375 0.6390625
10 0.071875 0.16640625 0.14375 0.2828125
3 0.15078125 0.34453125 0.1 0.13125
0 0.01953125 0.5984375 0.0390625 0.06875
0 0.1203125 0.60390625 0.10625 0.0703125
7 0.0203125 0.009375 0.040625 0.01875
10 0.91171875 0.39140625 0.1765625 0.3734375
8 0.87734375 0.31953125 0.2453125 0.6390625
5 0.9328125 0.0703125 0.134375 0.140625
3 0.825 0.57890625 0.09375 0.109375
0 0.3296875 0.9640625 0.065625 0.071875
0 0.4171875 0.97734375 0.078125 0.0453125
8 0.33046875 0.81953125 0.2765625 0.3609375