5 0.13203125 0.03203125 0.0609375 0.0640625
10 0.3140625 0.040625 0.21875 0.08125
8 0.31171875 0.08671875 0.4953125 0.1734375
5 0.59375 0.25859375 0.06875 0.0671875
5 0.70546875 0.30078125 0.0609375 0.0578125
10 0.60859375 0.38046875 0.0984375 0.1171875
10 0.71328125 0.40625 0.1078125 0.065625
8 0.628125 0.3265625 0.1375 0.225
8 0.721875 0.3515625 0.175 0.175
10 0.19453125 0.6046875 0.1671875 0.31875
10 0.59921875 0.7140625 0.0796875 0.31875
5 0.58515625 0.91015625 0.0515625 0.1109375
2 0.571875 0.47109375 0.025 0.0328125
3 0.61328125 0.84765625 0.0546875 0.0953125