8 0.3609375 0.32890625 0.215625 0.4421875
10 0.38828125 0.32578125 0.1609375 0.2078125
5 0.39140625 0.14140625 0.1078125 0.0671875
3 0.278125 0.434375 0.08125 0.0953125
7 0.396875 0.1875 0.0578125 0.0390625
10 0.61484375 0.1578125 0.0578125 0.05
10 0.9125 0.384375 0.0625 0.084375
5 0.9234375 0.3171875 0.028125 0.028125
0 0.86796875 0.540625 0.0328125 0.01875
0 0.64609375 0.253125 0.0234375 0.0375
0 0.62734375 0.2484375 0.0234375 0.034375
8 0.89609375 0.4125 0.1484375 0.275
8 0.61015625 0.1859375 0.1265625 0.2
0 0.340625 0.91796875 0.146875 0.0578125
8 0.35 0.775 0.2375 0.45
10 0.871875 0.61484375 0.165625 0.1296875
0 0.87734375 0.96328125 0.0546875 0.0734375
0 0.93515625 0.971875 0.0640625 0.05625
3 0.79921875 0.66484375 0.0453125 0.1046875
3 0.96875 0.65234375 0.0375 0.0984375