10 0.36328125 0.03984375 0.2078125 0.0796875
8 0.3453125 0.21484375 0.31875 0.4296875
3 0.2203125 0.125 0.06875 0.13125
5 0.67734375 0.32890625 0.0546875 0.0828125
5 0.734375 0.3984375 0.059375 0.0625
5 0.853125 0.35 0.046875 0.05625
5 0.99296875 0.3671875 0.0140625 0.053125
8 0.365625 0.71484375 0.246875 0.5703125
10 0.353125 0.6359375 0.1734375 0.2515625
3 0.26015625 0.81953125 0.0578125 0.1109375
3 0.453125 0.80546875 0.059375 0.096875
9 0.8375 0.71484375 0.1875 0.5703125
7 0.859375 0.4640625 0.034375 0.06875
4 0.8390625 0.81796875 0.04375 0.1078125