10 0.128125 0.22890625 0.25625 0.3734375
8 0.171875 0.2546875 0.34375 0.509375
3 0.0109375 0.42109375 0.021875 0.1109375
3 0.30546875 0.40703125 0.0828125 0.1046875
10 0.9046875 0.08125 0.165625 0.1625
0 0.85234375 0.45234375 0.0546875 0.1015625
0 0.93828125 0.4703125 0.0703125 0.078125
3 0.9328125 0.090625 0.078125 0.11875
3 0.99296875 0.13671875 0.0140625 0.0953125
6 0.234375 0.6078125 0.096875 0.084375
11 0.25 0.83671875 0.1328125 0.2390625
9 0.2046875 0.784375 0.409375 0.43125
4 0.009375 0.77421875 0.01875 0.0890625
7 0.2453125 0.67890625 0.065625 0.065625
10 0.7796875 0.57421875 0.36875 0.1296875
3 0.9609375 0.66796875 0.078125 0.0671875
8 0.7046875 0.61484375 0.590625 0.2109375
5 0.46328125 0.55546875 0.1078125 0.0921875