10 0.14375 0.03125 0.28125 0.0625
8 0.18984375 0.0640625 0.3796875 0.128125
3 0.29609375 0.0625 0.0953125 0.0671875
8 0.68984375 0.109375 0.6203125 0.21875
8 0.14765625 0.66640625 0.2921875 0.6671875
5 0.1296875 0.37421875 0.1578125 0.0875
10 0.1484375 0.61328125 0.1921875 0.2828125
3 0.246875 0.78828125 0.109375 0.125
3 0.0390625 0.74609375 0.0515625 0.0890625
7 0.11015625 0.43671875 0.0640625 0.059375
10 0.51953125 0.61796875 0.1671875 0.3140625
5 0.51015625 0.8203125 0.0984375 0.1125
3 0.45859375 0.76015625 0.0390625 0.1015625
3 0.57734375 0.76015625 0.0515625 0.1015625
2 0.509375 0.37890625 0.065625 0.0296875