10 0.3453125 0.11328125 0.384375 0.2265625
3 0.51171875 0.21484375 0.0546875 0.0828125
5 0.03203125 0.084375 0.0640625 0.16875
8 0.26953125 0.1421875 0.5390625 0.284375
10 0.6375 0.11484375 0.196875 0.2296875
10 0.90625 0.12890625 0.1875 0.2578125
8 0.63984375 0.22578125 0.2015625 0.4515625
8 0.86171875 0.23125 0.2765625 0.4625
11 0.36875 0.734375 0.1609375 0.24375
9 0.3109375 0.775 0.45625 0.45
4 0.125 0.58515625 0.0875 0.0703125
7 0.365625 0.58515625 0.059375 0.05625
3 0.6046875 0.71171875 0.13125 0.3234375
3 0.8625 0.84453125 0.275 0.3109375