10 0.17734375 0.17265625 0.2828125 0.2515625
3 0.34453125 0.034375 0.1234375 0.06875
3 0.32578125 0.2984375 0.1015625 0.065625
8 0.24453125 0.16796875 0.4890625 0.3359375
7 0.0171875 0.17265625 0.034375 0.0703125
10 0.75 0.06875 0.18125 0.1375
8 0.7546875 0.19453125 0.30625 0.3890625
8 0.20078125 0.69453125 0.3453125 0.6109375
10 0.1953125 0.62265625 0.20625 0.30625
3 0.12265625 0.8203125 0.128125 0.1234375
3 0.328125 0.7640625 0.0796875 0.10625
7 0.190625 0.4203125 0.071875 0.0625
10 0.88515625 0.584375 0.1703125 0.33125
3 0.63671875 0.41640625 0.0796875 0.0546875