8 0.18828125 0.3265625 0.3015625 0.346875
10 0.16484375 0.3984375 0.1453125 0.203125
5 0.1796875 0.18515625 0.16875 0.0859375
7 0.134375 0.246875 0.0515625 0.0546875
10 0.58359375 0.32734375 0.1484375 0.3453125
3 0.5171875 0.46640625 0.015625 0.0671875
3 0.671875 0.46171875 0.0375 0.0765625
2 0.575 0.07890625 0.078125 0.0421875
5 0.76484375 0.6234375 0.0953125 0.10625
0 0.75234375 0.94453125 0.0515625 0.1046875
0 0.81171875 0.94765625 0.0671875 0.1046875
10 0.76015625 0.5625 0.1640625 0.125
8 0.75234375 0.75 0.2703125 0.5