5 0.30625 0.19921875 0.0953125 0.053125
8 0.29453125 0.38359375 0.1703125 0.4328125
10 0.30625 0.33359375 0.125 0.1703125
3 0.3015625 0.44453125 0.0625 0.08125
10 0.7765625 0.14609375 0.175 0.2921875
0 0.77890625 0.56953125 0.0546875 0.0609375
0 0.8359375 0.57734375 0.059375 0.0453125
3 0.84765625 0.1765625 0.0640625 0.084375
3 0.70078125 0.27109375 0.0390625 0.1015625
10 0.265625 0.8390625 0.165625 0.321875
3 0.19140625 0.978125 0.0453125 0.04375
3 0.3609375 0.97421875 0.0375 0.0515625
2 0.26640625 0.61015625 0.0765625 0.0203125
10 0.47265625 0.68046875 0.1734375 0.1609375