10 0.44140625 0.2453125 0.1171875 0.353125
8 0.3765625 0.2546875 0.246875 0.509375
10 0.56328125 0.0765625 0.1265625 0.153125
5 0.54921875 0.18984375 0.0984375 0.1109375
0 0.54375 0.46640625 0.05 0.0859375
0 0.60078125 0.471875 0.0640625 0.075
8 0.5953125 0.2546875 0.190625 0.509375
10 0.20546875 0.83671875 0.4109375 0.3265625
8 0.25 0.7546875 0.5 0.490625
5 0.540625 0.77578125 0.034375 0.0578125
10 0.63515625 0.78984375 0.1171875 0.0859375
0 0.81640625 0.7484375 0.0296875 0.059375
0 0.8234375 0.815625 0.028125 0.071875
8 0.67890625 0.7828125 0.3375 0.153125