5 0.3859375 0.30703125 0.04375 0.0671875
10 0.48984375 0.29609375 0.1296875 0.0796875
0 0.68359375 0.34453125 0.0296875 0.0671875
0 0.68046875 0.27734375 0.0328125 0.0671875
8 0.53515625 0.3234375 0.4078125 0.190625
10 0.96015625 0.403125 0.0796875 0.346875
5 0.9828125 0.103125 0.034375 0.075
3 0.77265625 0.31796875 0.0671875 0.0765625
2 0.98671875 0.15390625 0.0265625 0.0390625
0 0.17109375 0.9671875 0.1421875 0.046875
0 0.33828125 0.97578125 0.0609375 0.0484375
8 0.26171875 0.8546875 0.4203125 0.290625