10 0.22421875 0.07734375 0.2796875 0.1546875
3 0.4171875 0.0234375 0.115625 0.046875
8 0.3 0.0890625 0.6 0.178125
5 0.6703125 0.015625 0.096875 0.03125
10 0.69296875 0.21015625 0.1859375 0.2546875
3 0.93671875 0.10390625 0.0734375 0.0734375
2 0.67421875 0.01796875 0.0640625 0.0265625
5 0.0375 0.809375 0.046875 0.05625
5 0.190625 0.8265625 0.040625 0.053125
5 0.24453125 0.84296875 0.0359375 0.0453125
5 0.3078125 0.86328125 0.040625 0.0421875
5 0.390625 0.82578125 0.040625 0.0421875
5 0.43125 0.86328125 0.046875 0.0703125
5 0.56640625 0.8984375 0.0671875 0.075
8 0.42421875 0.9140625 0.0859375 0.171875
8 0.38359375 0.90078125 0.0765625 0.1984375
8 0.3171875 0.9171875 0.090625 0.165625
8 0.24765625 0.9015625 0.0703125 0.196875
8 0.17734375 0.8953125 0.0921875 0.209375
8 0.053125 0.8875 0.10625 0.225