8 0.23046875 0.2234375 0.2171875 0.225
10 0.296875 0.24765625 0.084375 0.1609375
5 0.16328125 0.23203125 0.0890625 0.15625
7 0.23203125 0.1828125 0.0453125 0.028125
8 0.66015625 0.259375 0.2421875 0.51875
0 0.65390625 0.48828125 0.0703125 0.0609375
0 0.71875 0.49375 0.075 0.05
3 0.6109375 0.14140625 0.0703125 0.090625
3 0.70234375 0.1609375 0.0515625 0.1015625
10 0.65390625 0.06015625 0.1328125 0.1203125
10 0.19921875 0.58828125 0.2796875 0.1390625
10 0.4578125 0.66171875 0.165625 0.2859375
3 0.38359375 0.78828125 0.0453125 0.1015625
3 0.55390625 0.7765625 0.0390625 0.09375