3 0.28125 0.31875 0.078125 0.06875
0 0.55546875 0.38203125 0.065625 0.0609375
0 0.50703125 0.44140625 0.04375 0.0625
10 0.18515625 0.4265625 0.2140625 0.146875
5 0.01484375 0.4375 0.0296875 0.1
8 0.30078125 0.38984375 0.6015625 0.2203125
7 0.05078125 0.434375 0.04375 0.059375
8 0.703125 0.25 0.16875 0.5
10 0.653125 0.1375 0.06875 0.271875
3 0.70703125 0.30703125 0.109375 0.1203125
0 0.72421875 0.49296875 0.1453125 0.0140625
5 0.42421875 0.83671875 0.0453125 0.0921875
10 0.54609375 0.8375 0.1453125 0.121875
8 0.46484375 0.82890625 0.3078125 0.2265625
8 0.91953125 0.75 0.1609375 0.5
10 0.93515625 0.59765625 0.1296875 0.1953125
3 0.878125 0.753125 0.0515625 0.103125