10 0.37265625 0.3921875 0.2828125 0.153125
3 0.540625 0.28984375 0.1234375 0.0953125
0 0.746875 0.4453125 0.025 0.046875
5 0.13046875 0.4140625 0.0984375 0.109375
8 0.38671875 0.3515625 0.7453125 0.234375
7 0.2015625 0.4375 0.05625 0.0625
10 0.66640625 0.53125 0.1859375 0.125
10 0.240625 0.546875 0.2875 0.15625
5 0.23125 0.72421875 0.1578125 0.0640625
5 0.68515625 0.73203125 0.1484375 0.0828125
10 0.66015625 0.90234375 0.1984375 0.1953125
10 0.20703125 0.91015625 0.3046875 0.1796875
8 0.65859375 0.571875 0.2015625 0.20625
8 0.221875 0.5703125 0.34375 0.203125
8 0.21015625 0.8421875 0.3921875 0.315625
8 0.61328125 0.84453125 0.2921875 0.3109375