10 0.24765625 0.3078125 0.2796875 0.203125
3 0.44140625 0.2515625 0.115625 0.1046875
8 0.26953125 0.29296875 0.5390625 0.2328125
7 0.02421875 0.2578125 0.0484375 0.059375
3 0.546875 0.07890625 0.015625 0.0953125
8 0.28671875 0.784375 0.2921875 0.43125
5 0.26875 0.61015625 0.1578125 0.0875
10 0.2875 0.84921875 0.1921875 0.2828125
3 0.16796875 0.96484375 0.0734375 0.0703125
3 0.3890625 0.98046875 0.1 0.0390625
7 0.2484375 0.67265625 0.0625 0.059375
10 0.9546875 0.52734375 0.090625 0.2359375
0 0.97578125 0.9578125 0.0484375 0.084375
8 0.8703125 0.7046875 0.259375 0.590625