5 0.071875 0.44921875 0.096875 0.1203125
10 0.3125 0.43125 0.278125 0.15625
8 0.28984375 0.3890625 0.5796875 0.240625
10 0.78984375 0.2546875 0.4203125 0.509375
3 0.22421875 0.65546875 0.4078125 0.2921875
3 0.52578125 0.79453125 0.1078125 0.4109375
5 0.6125 0.87421875 0.040625 0.0421875
5 0.6953125 0.83671875 0.040625 0.0421875
5 0.7359375 0.87421875 0.046875 0.0703125
5 0.871875 0.909375 0.06875 0.075
8 0.88359375 0.92734375 0.1484375 0.1453125
8 0.72890625 0.91953125 0.0859375 0.1609375
8 0.68828125 0.90625 0.0765625 0.1875
8 0.6234375 0.92265625 0.0875 0.1546875