10 0.134375 0.32109375 0.26875 0.1984375
3 0.30234375 0.2140625 0.1296875 0.0953125
3 0.265625 0.4234375 0.1 0.059375
8 0.2546875 0.32578125 0.509375 0.3515625
10 0.69375 0.246875 0.16875 0.31875
5 0.69296875 0.4234375 0.1109375 0.11875
2 0.6921875 0.00859375 0.06875 0.0171875
3 0.64765625 0.35390625 0.0640625 0.0796875
3 0.74375 0.37421875 0.05 0.1046875
9 0.3375 0.759375 0.1875 0.48125
4 0.3390625 0.74140625 0.04375 0.1078125
8 0.92109375 0.759375 0.1578125 0.48125
10 0.9484375 0.64609375 0.103125 0.2078125
3 0.8671875 0.7546875 0.08125 0.0953125
0 0.971875 0.96484375 0.05625 0.0609375