10 0.20390625 0.3296875 0.209375 0.16875
3 0.30390625 0.209375 0.0765625 0.0640625
3 0.31875 0.4421875 0.096875 0.065625
8 0.225 0.325 0.45 0.3125
5 0.02578125 0.328125 0.0515625 0.096875
7 0.0703125 0.325 0.0421875 0.059375
3 0.69921875 0.18125 0.4578125 0.3625
10 0.86875 0.5671875 0.16875 0.134375
5 0.86796875 0.6515625 0.1109375 0.11875
0 0.86640625 0.953125 0.0546875 0.09375
0 0.92578125 0.95703125 0.0578125 0.0859375
3 0.82265625 0.58203125 0.0640625 0.0796875
3 0.91875 0.60234375 0.05 0.1046875