8 0.175 0.1296875 0.35 0.259375
3 0.18828125 0.20625 0.09375 0.0671875
10 0.10703125 0.084375 0.2140625 0.16875
3 0.246875 0.0296875 0.11875 0.059375
10 0.60546875 0.10703125 0.1640625 0.2140625
5 0.60546875 0.25078125 0.1078125 0.1109375
3 0.553125 0.18671875 0.046875 0.0984375
3 0.66171875 0.18828125 0.0546875 0.0953125
3 0.175 0.87734375 0.35 0.2453125
5 0.809375 0.91796875 0.1125 0.1296875
10 0.79453125 0.73984375 0.1953125 0.3296875
2 0.784375 0.49375 0.065625 0.025
3 0.86484375 0.865625 0.0453125 0.0875
3 0.75078125 0.84453125 0.0609375 0.0953125