8 0.47109375 0.26796875 0.3015625 0.5359375
10 0.45 0.11796875 0.14375 0.2359375
0 0.409375 0.534375 0.171875 0.0609375
3 0.54140625 0.26953125 0.109375 0.1203125
3 0.3515625 0.21328125 0.06875 0.1140625
0 0.559375 0.48125 0.1453125 0.0640625
10 0.81796875 0.375 0.1359375 0.25
5 0.78515625 0.14296875 0.0703125 0.0796875
2 0.78515625 0.18671875 0.0671875 0.0203125
11 0.4421875 0.80625 0.1609375 0.24375
9 0.43046875 0.79453125 0.5484375 0.4109375
4 0.1984375 0.64609375 0.0875 0.09375
4 0.6640625 0.62421875 0.075 0.0703125
7 0.4390625 0.65703125 0.059375 0.05625
10 0.97734375 0.94140625 0.0453125 0.1171875
8 0.9296875 0.8203125 0.140625 0.359375