8 0.35234375 0.26484375 0.2921875 0.5296875
10 0.35234375 0.12265625 0.1921875 0.2453125
3 0.4515625 0.27890625 0.109375 0.125
3 0.24375 0.23671875 0.0515625 0.0890625
0 0.25703125 0.51875 0.1640625 0.021875
0 0.4203125 0.51640625 0.096875 0.0265625
5 0.853125 0.03203125 0.084375 0.0640625
10 0.8765625 0.25625 0.165625 0.253125
3 0.915625 0.07578125 0.053125 0.0703125
3 0.8046875 0.0875 0.05 0.075
2 0.86015625 0.0671875 0.0578125 0.021875
10 0.9640625 0.65859375 0.071875 0.2578125
3 0.92734375 0.77265625 0.0390625 0.1015625