10 0.26953125 0.15 0.5390625 0.3
10 0.9234375 0.134375 0.153125 0.26875
8 0.90390625 0.15 0.1921875 0.3
5 0.2859375 0.34765625 0.0984375 0.090625
8 0.30625 0.66171875 0.2625 0.6765625
0 0.303125 0.975 0.0875 0.05
3 0.3984375 0.6796875 0.05625 0.0875
3 0.2125 0.70078125 0.040625 0.071875
8 0.859375 0.73203125 0.28125 0.5359375
10 0.84921875 0.74140625 0.14375 0.271875
5 0.8609375 0.49609375 0.16875 0.0859375
3 0.93984375 0.91015625 0.109375 0.1203125
3 0.75 0.85390625 0.06875 0.1140625
7 0.81640625 0.56015625 0.05625 0.053125