10 0.41484375 0.2859375 0.3484375 0.4875
8 0.38203125 0.26484375 0.4140625 0.5296875
10 0.8921875 0.31484375 0.215625 0.2046875
5 0.7140625 0.3015625 0.1 0.1015625
3 0.9796875 0.18203125 0.040625 0.0578125
8 0.79453125 0.309375 0.4109375 0.34375
10 0.390625 0.7234375 0.26875 0.334375
8 0.29453125 0.76484375 0.5890625 0.4703125
6 0.85703125 0.55859375 0.0984375 0.0578125
11 0.8640625 0.7921875 0.1609375 0.24375
9 0.79453125 0.76484375 0.4109375 0.4703125
7 0.86171875 0.6421875 0.0578125 0.0578125
4 0.61328125 0.6828125 0.0484375 0.084375