10 0.234375 0.14453125 0.46875 0.2890625
10 0.82109375 0.06171875 0.1734375 0.1234375
8 0.353125 0.665625 0.23125 0.60625
10 0.38046875 0.58046875 0.175 0.2078125
5 0.37578125 0.39609375 0.1078125 0.0671875
3 0.2625 0.6890625 0.08125 0.0953125
0 0.37109375 0.89921875 0.0625 0.0609375
0 0.43515625 0.94296875 0.0671875 0.0640625
7 0.38125 0.4421875 0.0578125 0.0390625
10 0.85390625 0.54296875 0.1703125 0.3234375
5 0.8640625 0.65546875 0.096875 0.1109375
0 0.85078125 0.9828125 0.0484375 0.034375
0 0.90859375 0.9828125 0.0640625 0.034375
3 0.79765625 0.61015625 0.0546875 0.0921875
3 0.9140625 0.609375 0.034375 0.08125
2 0.8515625 0.30234375 0.059375 0.0265625