10 0.14453125 0.2 0.2890625 0.4
10 0.47578125 0.065625 0.1203125 0.13125
10 0.77578125 0.03984375 0.1078125 0.0796875
0 0.32109375 0.2734375 0.0640625 0.028125
0 0.43125 0.3609375 0.0375 0.03125
0 0.4921875 0.36171875 0.034375 0.0328125
0 0.6703125 0.353125 0.075 0.040625
0 0.75859375 0.34296875 0.0734375 0.0328125
8 0.328125 0.15546875 0.078125 0.3109375
8 0.4578125 0.196875 0.184375 0.39375
8 0.66796875 0.2 0.1828125 0.4
8 0.784375 0.1859375 0.175 0.371875
3 0.18125 0.81328125 0.215625 0.3734375