10 0.225 0.3296875 0.45 0.659375
10 0.68671875 0.35703125 0.1609375 0.1484375
13 0.6921875 0.35 0.296875 0.61875
3 0.63203125 0.16953125 0.065625 0.1234375
3 0.73359375 0.171875 0.0734375 0.1
10 0.0546875 0.71015625 0.109375 0.0796875
0 0.23828125 0.75859375 0.0296875 0.0671875
0 0.23515625 0.6921875 0.0328125 0.065625
8 0.14921875 0.74609375 0.2984375 0.1734375
5 0.940625 0.9796875 0.11875 0.040625
10 0.66875 0.87109375 0.184375 0.2578125
2 0.690625 0.67421875 0.071875 0.0296875
3 0.796875 0.95234375 0.0875 0.0953125