10 0.18984375 0.4046875 0.3796875 0.809375
10 0.68125 0.3734375 0.384375 0.2984375
3 0.859375 0.17734375 0.115625 0.078125
3 0.8734375 0.51015625 0.1046875 0.0828125
8 0.68984375 0.35703125 0.6203125 0.4453125
8 0.0875 0.9046875 0.175 0.190625
10 0.04296875 0.87890625 0.0859375 0.1390625
3 0.12734375 0.9640625 0.0828125 0.071875
8 0.76875 0.884375 0.4625 0.15
3 0.95078125 0.90625 0.09375 0.0671875
10 0.8328125 0.8390625 0.2875 0.059375
5 0.58125 0.84296875 0.1125 0.0671875
7 0.6640625 0.834375 0.053125 0.046875