10 0.18828125 0.21953125 0.3765625 0.4390625
10 0.53203125 0.2828125 0.1640625 0.3125
2 0.52421875 0.04296875 0.0703125 0.0328125
3 0.4796875 0.40390625 0.046875 0.0703125
3 0.58828125 0.40546875 0.0546875 0.0671875
8 0.3703125 0.71953125 0.096875 0.5609375
10 0.3953125 0.68046875 0.046875 0.2828125
3 0.359375 0.81328125 0.0515625 0.0890625
7 0.40859375 0.503125 0.0203125 0.059375
10 0.58828125 0.6125 0.1640625 0.15
0 0.56171875 0.98125 0.0578125 0.0375
0 0.6328125 0.9796875 0.0625 0.040625
8 0.59296875 0.71953125 0.3484375 0.5609375