10 0.27734375 0.09140625 0.2453125 0.1828125
8 0.2 0.26953125 0.4 0.5390625
0 0.8171875 0.459375 0.18125 0.159375
8 0.496875 0.26953125 0.19375 0.5390625
8 0.79296875 0.26953125 0.4140625 0.5390625
10 0.1140625 0.7375 0.1390625 0.240625
8 0.11328125 0.76953125 0.2109375 0.4609375
3 0.04453125 0.92265625 0.0609375 0.1015625
3 0.19375 0.90234375 0.046875 0.096875
10 0.8203125 0.7953125 0.171875 0.31875
5 0.81796875 0.97109375 0.1015625 0.0578125
3 0.7625 0.9390625 0.05 0.103125
3 0.8796875 0.9375 0.05625 0.103125
2 0.8125 0.55859375 0.059375 0.0296875