5 0.38125 0.1265625 0.3375 0.165625
8 0.31640625 0.2765625 0.4671875 0.484375
10 0.6421875 0.040625 0.1625 0.08125
0 0.634375 0.45546875 0.05625 0.0765625
0 0.69375 0.4578125 0.05625 0.06875
10 0.43515625 0.84453125 0.1703125 0.3109375
5 0.4453125 0.95390625 0.096875 0.0921875
3 0.37890625 0.91796875 0.0546875 0.0921875
3 0.4953125 0.9171875 0.034375 0.08125
2 0.4328125 0.61015625 0.059375 0.0265625
10 0.94453125 0.859375 0.1109375 0.28125
3 0.9828125 0.95078125 0.034375 0.0984375
2 0.9765625 0.6421875 0.046875 0.03125