5 0.33984375 0.0734375 0.1390625 0.146875
2 0.365625 0.05 0.04375 0.1
10 0.7796875 0.31953125 0.171875 0.3140625
13 0.77265625 0.2515625 0.2734375 0.45625
3 0.73046875 0.44140625 0.0546875 0.0765625
3 0.8375 0.4453125 0.05 0.06875
10 0.178125 0.59296875 0.18125 0.2265625
0 0.17734375 0.98125 0.0546875 0.0375
0 0.23359375 0.9875 0.0578125 0.025
8 0.17734375 0.73984375 0.2859375 0.5203125
9 0.53203125 0.84609375 0.2453125 0.3078125
11 0.51640625 0.90625 0.1515625 0.1875
4 0.615625 0.78828125 0.0625 0.1078125
6 0.50703125 0.71484375 0.078125 0.053125
4 0.42421875 0.80625 0.0296875 0.08125
7 0.5109375 0.77421875 0.0515625 0.053125