10 0.021875 0.046875 0.04375 0.046875
10 0.1171875 0.11484375 0.065625 0.0765625
10 0.30703125 0.109375 0.0578125 0.05
5 0.11015625 0.0546875 0.0359375 0.034375
0 0.1375 0.2234375 0.021875 0.053125
0 0.1015625 0.2078125 0.03125 0.05
0 0.04609375 0.19609375 0.0265625 0.0640625
0 0.00859375 0.14921875 0.0171875 0.0515625
0 0.33828125 0.2046875 0.0234375 0.0375
0 0.31953125 0.2 0.0234375 0.034375
8 0.30234375 0.1375 0.1265625 0.2
8 0.0328125 0.12890625 0.065625 0.2484375
8 0.11796875 0.13828125 0.09375 0.234375
5 0.75234375 0.090625 0.3703125 0.165625
2 0.78671875 0.17890625 0.2203125 0.0578125
3 0.64140625 0.3640625 0.1703125 0.215625
10 0.18515625 0.78984375 0.3703125 0.4203125
8 0.7875 0.821875 0.221875 0.35625