10 0.0859375 0.23125 0.153125 0.325
10 0.5984375 0.1578125 0.08125 0.259375
0 0.18984375 0.75390625 0.0796875 0.0109375
0 0.621875 0.6015625 0.034375 0.075
0 0.07421875 0.74921875 0.0578125 0.0203125
8 0.81953125 0.3765625 0.3609375 0.225
3 0.77578125 0.3171875 0.09375 0.06875
10 0.68984375 0.40078125 0.1015625 0.1609375
2 0.315625 0.87890625 0.06875 0.0328125
10 0.734375 0.825 0.121875 0.13125
8 0.68125 0.8796875 0.084375 0.240625
8 0.734375 0.8796875 0.159375 0.240625
8 0.9015625 0.8796875 0.196875 0.240625