5 0.3546875 0.1359375 0.36875 0.165625
3 0.2203125 0.4171875 0.225 0.240625
2 0.36640625 0.22578125 0.2671875 0.0640625
8 0.93203125 0.28984375 0.1359375 0.5796875
8 0.7234375 0.28984375 0.36875 0.5796875
8 0.57890625 0.2375 0.0796875 0.44375
10 0.43515625 0.6484375 0.1671875 0.1375
0 0.4203125 0.98984375 0.05 0.0203125
8 0.39765625 0.78984375 0.2828125 0.4203125
5 0.84921875 0.70390625 0.0796875 0.0890625
10 0.87734375 0.91015625 0.1640625 0.1796875
2 0.85625 0.75078125 0.0625 0.0296875
3 0.7953125 0.78125 0.053125 0.078125
3 0.91796875 0.76484375 0.0546875 0.0703125