10 0.4890625 0.140625 0.0625 0.084375
5 0.5 0.0734375 0.028125 0.028125
0 0.44453125 0.3046875 0.0328125 0.034375
0 0.021875 0.028125 0.021875 0.053125
0 0.22265625 0.0140625 0.0234375 0.028125
0 0.20390625 0.0109375 0.0234375 0.021875
8 0.47265625 0.20625 0.1484375 0.3484375
8 0.18671875 0.02109375 0.1265625 0.0421875
10 0.784375 0.275 0.43125 0.55
10 0.66796875 0.60625 0.1765625 0.1125
0 0.6625 0.96171875 0.125 0.0765625
0 0.7296875 0.94140625 0.134375 0.0890625
8 0.6984375 0.775 0.259375 0.45