5 0.2921875 0.05625 0.3125 0.1125
5 0.29296875 0.26171875 0.2828125 0.1140625
8 0.39453125 0.25625 0.5484375 0.125
8 0.3921875 0.159375 0.553125 0.31875
3 0.8109375 0.21484375 0.284375 0.2078125
11 0.203125 0.58046875 0.140625 0.253125
6 0.175 0.353125 0.1 0.06875
9 0.17421875 0.659375 0.2421875 0.68125
4 0.1609375 0.4828125 0.0734375 0.0671875
4 0.25859375 0.45078125 0.0640625 0.0625
7 0.1890625 0.415625 0.059375 0.0640625
10 0.88515625 0.72109375 0.1765625 0.4015625
8 0.87578125 0.70703125 0.2484375 0.5859375