10 0.04296875 0.21015625 0.0859375 0.2703125
10 0.13125 0.21015625 0.121875 0.3015625
10 0.28671875 0.13984375 0.1328125 0.2734375
5 0.040625 0.02421875 0.08125 0.0484375
5 0.15859375 0.01484375 0.0734375 0.0296875
8 0.06015625 0.284375 0.1203125 0.56875
8 0.13125 0.284375 0.159375 0.56875
8 0.32421875 0.284375 0.2484375 0.56875
10 0.82890625 0.134375 0.1796875 0.26875
0 0.73046875 0.553125 0.1421875 0.03125
0 0.89765625 0.55703125 0.0609375 0.0234375
8 0.809375 0.284375 0.38125 0.56875
10 0.75703125 0.7125 0.1703125 0.2875
3 0.64609375 0.825 0.0390625 0.1
3 0.85 0.8171875 0.040625 0.09375