10 0.115625 0.11796875 0.1625 0.2359375
10 0.31875 0.11171875 0.175 0.2234375
0 0.07421875 0.403125 0.1078125 0.10625
0 0.1328125 0.41640625 0.103125 0.0859375
0 0.303125 0.38359375 0.1 0.0953125
0 0.3484375 0.41953125 0.09375 0.0796875
0 0.446875 0.41953125 0.04375 0.0734375
8 0.32265625 0.2296875 0.1953125 0.459375
8 0.09609375 0.2296875 0.1921875 0.459375
10 0.90625 0.17578125 0.15625 0.2796875
3 0.96953125 0.25 0.0609375 0.09375
10 0.31953125 0.7953125 0.2984375 0.409375
3 0.0984375 0.96796875 0.125 0.0640625
2 0.38203125 0.5125 0.1734375 0.078125
10 0.53125 0.6578125 0.125 0.334375
3 0.5953125 0.79765625 0.046875 0.1015625