5 0.1578125 0.1328125 0.140625 0.1125
10 0.1703125 0.30234375 0.240625 0.2390625
8 0.1796875 0.27109375 0.3375 0.4359375
9 0.8875 0.24453125 0.1875 0.4890625
7 0.909375 0.01640625 0.034375 0.0328125
4 0.8890625 0.35234375 0.04375 0.1078125
3 0.296875 0.7796875 0.078125 0.06875
3 0.32109375 0.98984375 0.1015625 0.0203125
10 0.20078125 0.89609375 0.2140625 0.1640625
5 0.02265625 0.8984375 0.0453125 0.1
8 0.234375 0.8703125 0.46875 0.259375
7 0.06640625 0.8953125 0.04375 0.059375
8 0.703125 0.76640625 0.221875 0.4671875
3 0.7671875 0.975 0.05625 0.05