10 0.0640625 0.0375 0.090625 0.075
10 0.26171875 0.028125 0.1015625 0.05625
0 0.21171875 0.31640625 0.0546875 0.0265625
0 0.28046875 0.315625 0.0328125 0.025
0 0.0546875 0.3140625 0.046875 0.034375
3 0.3 0.096875 0.028125 0.053125
3 0.203125 0.06796875 0.021875 0.0515625
3 0.11640625 0.08984375 0.0234375 0.0359375
3 0.009375 0.08046875 0.01875 0.0453125
10 0.87734375 0.32421875 0.1765625 0.3046875
5 0.8796875 0.040625 0.0875 0.08125
2 0.875 0.1125 0.053125 0.028125
3 0.82421875 0.06953125 0.0640625 0.0921875
3 0.9390625 0.0453125 0.05 0.090625
10 0.42421875 0.81796875 0.0515625 0.3171875
8 0.3984375 0.8296875 0.103125 0.340625
5 0.81796875 0.8734375 0.0953125 0.10625
10 0.81328125 0.7671875 0.1640625 0.215625
8 0.80546875 0.8296875 0.2703125 0.340625