5 0.0515625 0.02734375 0.075 0.0546875
5 0.11875 0.0890625 0.059375 0.075
5 0.2375 0.034375 0.046875 0.05625
5 0.38515625 0.0515625 0.0296875 0.053125
0 0.22109375 0.58125 0.0296875 0.015625
0 0.25703125 0.578125 0.0421875 0.021875
0 0.3484375 0.53046875 0.021875 0.0359375
0 0.39375 0.528125 0.0125 0.034375
8 0.365625 0.290625 0.06875 0.55
8 0.240625 0.29453125 0.13125 0.5890625
8 0.11640625 0.31328125 0.0859375 0.5515625
8 0.05 0.29453125 0.1 0.5890625
10 0.51015625 0.07890625 0.1578125 0.1578125
0 0.50625 0.540625 0.05625 0.08125
0 0.56484375 0.53671875 0.0578125 0.0734375
10 0.65234375 0.884375 0.1734375 0.23125
2 0.646875 0.6828125 0.0625 0.028125