5 0.0171875 0.0625 0.034375 0.10625
5 0.24375 0.07734375 0.1 0.0890625
5 0.453125 0.084375 0.1 0.090625
5 0.62421875 0.05703125 0.0515625 0.1015625
10 0.05390625 0.2671875 0.1078125 0.321875
10 0.259375 0.26640625 0.1625 0.3171875
10 0.4625 0.271875 0.175 0.28125
10 0.6125 0.26015625 0.075 0.3015625
8 0.60625 0.24921875 0.0875 0.4796875
8 0.46640625 0.26015625 0.1953125 0.4578125
8 0.23984375 0.25625 0.1921875 0.465625
8 0.04765625 0.2484375 0.0953125 0.48125
8 0.92578125 0.24453125 0.1484375 0.4890625
10 0.9375 0.103125 0.125 0.20625
3 0.86953125 0.26484375 0.0578125 0.1109375
10 0.16328125 0.53828125 0.1859375 0.0984375
0 0.15703125 0.95703125 0.0640625 0.0859375
0 0.21796875 0.9578125 0.0640625 0.08125
10 0.6984375 0.625 0.096875 0.271875
8 0.7328125 0.74453125 0.165625 0.5109375