0 0.175 0.353125 0.06875 0.0125
8 0.15234375 0.1796875 0.1328125 0.359375
8 0.06953125 0.1796875 0.1390625 0.359375
6 0.59921875 0.096875 0.0984375 0.0890625
11 0.60546875 0.29140625 0.1609375 0.1359375
9 0.59375 0.19765625 0.609375 0.3234375
7 0.60390625 0.1953125 0.0578125 0.0578125
4 0.86015625 0.1921875 0.0828125 0.0859375
4 0.33359375 0.2359375 0.0921875 0.084375
10 0.08671875 0.64921875 0.1734375 0.3640625
2 0.10546875 0.396875 0.0734375 0.03125
3 0.190625 0.67890625 0.05625 0.0828125
3 0.17265625 0.79140625 0.0328125 0.1015625
3 0.48515625 0.53671875 0.4078125 0.3546875
3 0.88046875 0.73125 0.2390625 0.4125