10 0.41328125 0.33515625 0.4546875 0.4671875
3 0.1171875 0.4984375 0.13125 0.109375
2 0.4140625 0.0328125 0.21875 0.053125
5 0.72265625 0.021875 0.1015625 0.04375
10 0.75078125 0.2203125 0.1640625 0.25625
3 0.97890625 0.11015625 0.0421875 0.0734375
2 0.72109375 0.034375 0.0640625 0.021875
10 0.2796875 0.81484375 0.165625 0.3640625
5 0.6234375 0.95 0.090625 0.1
3 0.3078125 0.925 0.078125 0.11875
3 0.37890625 0.96171875 0.0359375 0.0765625
2 0.290625 0.575 0.078125 0.0125
5 0.71328125 0.703125 0.0890625 0.090625
8 0.76484375 0.83984375 0.1921875 0.3203125