5 0.22109375 0.06484375 0.2640625 0.1296875
10 0.225 0.390625 0.45 0.3375
2 0.2234375 0.153125 0.21875 0.053125
5 0.86328125 0.06796875 0.2734375 0.1359375
5 0.87109375 0.31875 0.2578125 0.18125
8 0.85546875 0.38828125 0.2890625 0.3421875
8 0.853125 0.22578125 0.29375 0.4515625
5 0.14453125 0.56875 0.0921875 0.01875
10 0.15859375 0.82421875 0.1765625 0.3171875
3 0.02421875 0.60234375 0.0484375 0.0859375
3 0.26484375 0.590625 0.0578125 0.0625
2 0.14296875 0.59375 0.0734375 0.028125
9 0.88515625 0.7796875 0.2296875 0.440625
4 0.81484375 0.61875 0.0921875 0.084375