5 0.38359375 0.12265625 0.1265625 0.1421875
8 0.55625 0.3203125 0.10625 0.359375
8 0.3765625 0.26015625 0.359375 0.4796875
8 0.1203125 0.26171875 0.240625 0.4765625
8 0.83984375 0.32265625 0.2828125 0.3546875
10 0.84140625 0.36328125 0.175 0.2078125
5 0.83671875 0.17890625 0.1078125 0.0671875
3 0.7234375 0.46171875 0.08125 0.0765625
3 0.95625 0.459375 0.075 0.08125
7 0.8421875 0.225 0.0578125 0.0390625
10 0.19375 0.66328125 0.159375 0.2390625
8 0.1828125 0.75 0.35625 0.5
0 0.909375 0.790625 0.078125 0.046875
0 0.64453125 0.67109375 0.0546875 0.0265625
0 0.71328125 0.6703125 0.0328125 0.025
3 0.909375 0.51171875 0.034375 0.0234375