10 0.04453125 0.0921875 0.0890625 0.184375
10 0.0484375 0.07734375 0.0625 0.1140625
10 0.17421875 0.04453125 0.0765625 0.0890625
10 0.25625 0.05625 0.090625 0.1125
10 0.45390625 0.046875 0.1015625 0.09375
0 0.40390625 0.35390625 0.0546875 0.0265625
0 0.47265625 0.353125 0.0328125 0.025
0 0.246875 0.3515625 0.046875 0.034375
3 0.4921875 0.134375 0.028125 0.053125
3 0.3953125 0.10546875 0.021875 0.0515625
3 0.30859375 0.12734375 0.0234375 0.0359375
3 0.19921875 0.11796875 0.0234375 0.0453125
3 0.1390625 0.1296875 0.021875 0.046875
3 0.08515625 0.16484375 0.0234375 0.0390625
3 0.0234375 0.18828125 0.03125 0.0421875
9 0.625 0.18984375 0.2125 0.3796875
1 0.61328125 0.33203125 0.0703125 0.0953125
1 0.67890625 0.3375 0.0734375 0.084375
4 0.55234375 0.02265625 0.0515625 0.0453125
4 0.67265625 0.02421875 0.0546875 0.0484375
6 0.6125 0.065625 0.1 0.1125
10 0.26328125 0.5546875 0.1765625 0.35
0 0.325 0.98203125 0.134375 0.0359375
8 0.2765625 0.68984375 0.29375 0.6203125
5 0.77890625 0.3984375 0.2640625 0.0375
10 0.7765625 0.7546875 0.446875 0.490625
2 0.778125 0.42890625 0.18125 0.0484375