10 0.20078125 0.28203125 0.3921875 0.4140625
10 0.50703125 0.3140625 0.1234375 0.35
5 0.59375 0.13671875 0.05 0.0828125
5 0.6484375 0.2125 0.059375 0.075
5 0.7671875 0.1578125 0.046875 0.05625
5 0.9203125 0.175 0.040625 0.053125
5 0.97421875 0.19140625 0.0359375 0.0453125
8 0.97109375 0.3203125 0.0578125 0.3375
8 0.90703125 0.3140625 0.0921875 0.35
8 0.7703125 0.30625 0.13125 0.365625
8 0.64609375 0.325 0.0859375 0.328125
8 0.59921875 0.29140625 0.0609375 0.3953125
8 0.17109375 0.74453125 0.3421875 0.5109375