0 0.1890625 0.4625 0.18125 0.134375
8 0.24140625 0.26484375 0.4828125 0.5296875
10 0.5671875 0.29140625 0.115625 0.3796875
8 0.60546875 0.26484375 0.1921875 0.5296875
8 0.559375 0.07421875 0.1 0.1484375
10 0.28046875 0.61328125 0.1703125 0.1671875
5 0.290625 0.64765625 0.096875 0.1109375
0 0.27734375 0.97890625 0.0484375 0.0421875
0 0.33515625 0.97890625 0.0640625 0.0421875
3 0.2234375 0.59921875 0.05625 0.0890625
3 0.33984375 0.60546875 0.0328125 0.0890625
0 0.6953125 0.90625 0.059375 0.0875
0 0.77578125 0.9 0.0578125 0.078125
8 0.7546875 0.74453125 0.490625 0.4296875