10 0.165625 0.0421875 0.2875 0.084375
10 0.16484375 0.26796875 0.2484375 0.1625
8 0.17578125 0.25 0.3515625 0.278125
8 0.16875 0.046875 0.3375 0.09375
10 0.546875 0.2171875 0.278125 0.184375
0 0.971875 0.31796875 0.05625 0.1578125
0 0.975 0.146875 0.05 0.0625
8 0.69453125 0.2203125 0.6109375 0.359375
5 0.359375 0.5859375 0.059375 0.128125
10 0.1171875 0.534375 0.184375 0.26875
0 0.059375 0.946875 0.053125 0.10625
0 0.14609375 0.96328125 0.0734375 0.0734375
3 0.24375 0.51640625 0.090625 0.0828125
3 0.20859375 0.62890625 0.0328125 0.1015625
10 0.89921875 0.659375 0.1640625 0.34375
8 0.86640625 0.7 0.2671875 0.6