10 0.2640625 0.14609375 0.28125 0.28125
5 0.24140625 0.40625 0.1609375 0.046875
8 0.2796875 0.18359375 0.34375 0.3671875
5 0.5671875 0.26640625 0.1 0.0890625
5 0.7765625 0.2734375 0.1 0.090625
5 0.9609375 0.24609375 0.078125 0.1015625
10 0.5828125 0.36328125 0.1625 0.1328125
10 0.7859375 0.375 0.175 0.109375
10 0.94921875 0.3640625 0.1015625 0.13125
8 0.94296875 0.3140625 0.1140625 0.23125
8 0.78984375 0.325 0.1953125 0.209375
8 0.5796875 0.32109375 0.159375 0.2171875
10 0.25 0.71484375 0.5 0.5703125
10 0.66953125 0.63515625 0.1796875 0.3171875
3 0.91796875 0.46328125 0.0765625 0.0671875