10 0.20625 0.12890625 0.2875 0.2578125
5 0.196875 0.35703125 0.1578125 0.0640625
8 0.1875 0.15234375 0.34375 0.3046875
8 0.1859375 0.38828125 0.371875 0.1421875
8 0.9234375 0.29921875 0.153125 0.3203125
5 0.94765625 0.1796875 0.1046875 0.0875
10 0.9484375 0.36875 0.103125 0.18125
7 0.9546875 0.24296875 0.0625 0.059375
10 0.06953125 0.74140625 0.1390625 0.1484375
3 0.0125 0.54765625 0.025 0.0765625
3 0.09453125 0.54609375 0.0546875 0.0765625
2 0.0484375 0.5359375 0.053125 0.025
10 0.8828125 0.58125 0.234375 0.24375
8 0.790625 0.59453125 0.41875 0.2703125
5 0.640625 0.59140625 0.1203125 0.190625
7 0.721875 0.55078125 0.0734375 0.0734375