10 0.4265625 0.3703125 0.265625 0.478125
10 0.03515625 0.41015625 0.0703125 0.3984375
8 0.384375 0.3046875 0.35 0.609375
8 0.07421875 0.31953125 0.1484375 0.5796875
10 0.73359375 0.2078125 0.1640625 0.31875
5 0.73359375 0.40390625 0.1078125 0.1109375
3 0.68125 0.33984375 0.046875 0.0984375
3 0.78984375 0.34140625 0.0546875 0.0953125
8 0.44140625 0.86953125 0.2359375 0.2609375
10 0.43984375 0.96015625 0.1703125 0.0796875
0 0.66796875 0.98203125 0.0515625 0.0359375
0 0.72421875 0.98671875 0.0640625 0.0265625
10 0.68203125 0.64765625 0.1734375 0.0765625