10 0.53359375 0.22734375 0.1109375 0.4546875
10 0.12734375 0.21484375 0.2546875 0.4296875
8 0.49140625 0.24140625 0.1953125 0.4828125
8 0.16640625 0.26484375 0.3328125 0.5296875
10 0.73359375 0.40546875 0.2890625 0.2484375
5 0.971875 0.08828125 0.05625 0.1765625
5 0.68984375 0.06015625 0.1953125 0.1203125
8 0.78984375 0.26484375 0.4015625 0.5296875
8 0.9578125 0.26484375 0.084375 0.5296875
2 0.6859375 0.11484375 0.15625 0.0703125
2 0.9796875 0.15859375 0.040625 0.0578125
5 0.34375 0.7234375 0.165625 0.06875
5 0.87578125 0.64765625 0.0453125 0.0921875
10 0.9625 0.6484375 0.075 0.121875
8 0.88125 0.64140625 0.2375 0.2234375