10 0.5484375 0.2046875 0.103125 0.409375
10 0.13671875 0.196875 0.2734375 0.39375
8 0.50625 0.2046875 0.1875 0.409375
8 0.17578125 0.2046875 0.3515625 0.409375
10 0.9546875 0.2515625 0.090625 0.315625
2 0.97109375 0.028125 0.0578125 0.0375
3 0.7515625 0.1359375 0.08125 0.10625
10 0.1046875 0.7796875 0.209375 0.2
3 0.2421875 0.6703125 0.1375 0.103125
3 0.20703125 0.884375 0.1109375 0.071875
0 0.51328125 0.69765625 0.0765625 0.0828125
0 0.50390625 0.87265625 0.0765625 0.1515625
5 0.3 0.79296875 0.6 0.3765625
10 0.69765625 0.715625 0.1703125 0.3375
8 0.72890625 0.7046875 0.2578125 0.590625