10 0.35859375 0.23671875 0.2640625 0.4265625
10 0.61796875 0.24453125 0.1015625 0.4109375
10 0.075 0.2125 0.15 0.3375
8 0.1015625 0.225 0.203125 0.45
8 0.33203125 0.225 0.3265625 0.45
8 0.5734375 0.225 0.190625 0.45
5 0.70234375 0.05 0.0671875 0.1
0 0.68359375 0.40234375 0.0296875 0.0953125
0 0.73203125 0.40234375 0.0640625 0.0953125
3 0.73671875 0.0234375 0.0328125 0.046875
3 0.12109375 0.5703125 0.2421875 0.240625
3 0.45234375 0.696875 0.3265625 0.384375
8 0.8015625 0.77734375 0.265625 0.4453125
5 0.71484375 0.58359375 0.0921875 0.0734375
3 0.85078125 0.6578125 0.140625 0.0890625
7 0.6859375 0.64453125 0.034375 0.0484375