10 0.40390625 0.15859375 0.2640625 0.3171875
10 0.09765625 0.121875 0.1953125 0.24375
0 0.19375 0.45546875 0.078125 0.1
8 0.12421875 0.25859375 0.2484375 0.5171875
8 0.37734375 0.26875 0.3265625 0.5375
8 0.6015625 0.27421875 0.15625 0.5484375
10 0.9390625 0.3078125 0.121875 0.365625
8 0.90234375 0.325 0.1953125 0.65
5 0.928125 0.0296875 0.14375 0.059375
3 0.83671875 0.52890625 0.0703125 0.13125
10 0.3 0.76796875 0.3875 0.2359375
8 0.28125 0.825 0.4625 0.35
10 0.83984375 0.759375 0.3203125 0.21875
8 0.83984375 0.78828125 0.3203125 0.2765625