10 0.26640625 0.22734375 0.1859375 0.4546875
8 0.2078125 0.25 0.303125 0.5
11 0.79609375 0.2359375 0.1640625 0.2421875
6 0.78671875 0.01015625 0.0953125 0.0203125
9 0.7546875 0.25 0.490625 0.5
4 0.55234375 0.1046875 0.0890625 0.115625
4 0.99140625 0.0703125 0.0171875 0.10625
7 0.79453125 0.08359375 0.0578125 0.0609375
10 0.19375 0.87421875 0.303125 0.1984375
3 0.33671875 0.76640625 0.0453125 0.0953125
3 0.32578125 0.9734375 0.0671875 0.053125
8 0.1796875 0.8515625 0.359375 0.296875
7 0.028125 0.90078125 0.0546875 0.065625
10 0.82421875 0.6125 0.1546875 0.225
0 0.88203125 0.98515625 0.1078125 0.0296875
8 0.83359375 0.75 0.2796875 0.5