10 0.41171875 0.40078125 0.4953125 0.4109375
8 0.375 0.32265625 0.56875 0.6203125
8 0.23515625 0.69296875 0.3828125 0.1140625
8 0.7359375 0.375 0.153125 0.75
5 0.0828125 0.91015625 0.084375 0.0828125
3 0.1453125 0.96328125 0.053125 0.0703125
3 0.034375 0.96875 0.05 0.0625
2 0.08984375 0.9546875 0.0578125 0.021875
11 0.93515625 0.9140625 0.1296875 0.171875
9 0.8953125 0.875 0.209375 0.25
4 0.8984375 0.8578125 0.0734375 0.0671875
4 0.98203125 0.825 0.0359375 0.0625
7 0.9265625 0.790625 0.059375 0.0640625