10 0.14453125 0.08828125 0.2890625 0.1765625
8 0.14453125 0.1015625 0.2890625 0.203125
8 0.1171875 0.29296875 0.234375 0.1734375
10 0.48125 0.24921875 0.2796875 0.2046875
3 0.67421875 0.1921875 0.115625 0.1046875
0 0.9640625 0.203125 0.071875 0.165625
0 0.88359375 0.18125 0.0484375 0.0734375
8 0.64453125 0.24609375 0.7109375 0.2578125
3 0.15390625 0.509375 0.2703125 0.259375
11 0.55703125 0.7453125 0.153125 0.25
9 0.55625 0.7421875 0.23125 0.515625
7 0.55546875 0.57890625 0.0640625 0.0546875
4 0.49296875 0.9015625 0.0515625 0.103125
4 0.61328125 0.90234375 0.0546875 0.109375
6 0.553125 0.95859375 0.1 0.0828125