10 0.184375 0.35703125 0.328125 0.2046875
8 0.21015625 0.2671875 0.4203125 0.384375
11 0.809375 0.26953125 0.140625 0.253125
6 0.78125 0.03828125 0.1 0.0765625
9 0.78046875 0.2296875 0.2421875 0.459375
4 0.7671875 0.171875 0.0734375 0.0671875
4 0.86484375 0.13984375 0.0640625 0.0625
7 0.7953125 0.1046875 0.059375 0.0640625
10 0.34296875 0.62890625 0.2828125 0.2515625
3 0.51015625 0.4921875 0.1234375 0.065625
3 0.49140625 0.7546875 0.1015625 0.065625
5 0.10078125 0.61796875 0.0984375 0.140625
8 0.31484375 0.62578125 0.6296875 0.3328125
7 0.171875 0.62890625 0.05625 0.0703125
10 0.67734375 0.571875 0.0953125 0.225
8 0.69609375 0.7296875 0.1328125 0.540625