10 0.034375 0.25 0.06875 0.31875
10 0.2296875 0.25859375 0.25625 0.3015625
8 0.059375 0.2046875 0.11875 0.409375
8 0.22578125 0.2046875 0.3828125 0.409375
8 0.396875 0.2046875 0.14375 0.409375
10 0.5359375 0.09765625 0.134375 0.1953125
5 0.10234375 0.46796875 0.1453125 0.0921875
10 0.10859375 0.65859375 0.2171875 0.2484375
5 0.3796875 0.4765625 0.140625 0.1125
10 0.3703125 0.64609375 0.196875 0.2390625
8 0.35078125 0.7046875 0.2359375 0.590625
8 0.12734375 0.7046875 0.2546875 0.590625
10 0.65 0.5671875 0.165625 0.315625
0 0.65546875 0.9859375 0.0546875 0.028125
3 0.57578125 0.70859375 0.0453125 0.1015625
3 0.74609375 0.696875 0.0390625 0.09375