10 0.36953125 0.27265625 0.2984375 0.5453125
8 0.35 0.275 0.3375 0.55
5 0.6171875 0.35078125 0.1125 0.1296875
10 0.609375 0.17265625 0.18125 0.3296875
3 0.67265625 0.2984375 0.0453125 0.0875
3 0.55859375 0.27734375 0.0609375 0.0953125
5 0.07109375 0.6875 0.0953125 0.10625
0 0.05859375 0.978125 0.0515625 0.04375
0 0.11796875 0.9796875 0.0671875 0.040625
10 0.07421875 0.61953125 0.1484375 0.1390625
8 0.096875 0.775 0.19375 0.45
8 0.61328125 0.775 0.1890625 0.45
10 0.58828125 0.61015625 0.1390625 0.1203125
3 0.6609375 0.70390625 0.109375 0.125
0 0.6296875 0.9640625 0.096875 0.071875