3 0.1578125 0.29921875 0.303125 0.3859375
10 0.4734375 0.14765625 0.1625 0.2953125
10 0.6765625 0.1421875 0.175 0.28125
10 0.86875 0.140625 0.159375 0.28125
0 0.43203125 0.4625 0.1078125 0.10625
0 0.490625 0.48984375 0.103125 0.1140625
0 0.6609375 0.44296875 0.1 0.0953125
0 0.70625 0.48671875 0.09375 0.0953125
0 0.828125 0.47890625 0.090625 0.0734375
0 0.871875 0.51640625 0.1 0.0890625
0 0.98671875 0.51328125 0.0265625 0.1015625
8 0.86640625 0.28984375 0.1796875 0.5796875
8 0.68046875 0.265625 0.1953125 0.53125
8 0.45390625 0.26875 0.1921875 0.5375
10 0.1328125 0.771875 0.265625 0.34375
8 0.1546875 0.8 0.309375 0.4
8 0.86953125 0.8 0.2609375 0.4
8 0.5609375 0.8 0.44375 0.4
8 0.40859375 0.7359375 0.1703125 0.271875