3 0.0640625 0.2421875 0.128125 0.375
10 0.45390625 0.0578125 0.2015625 0.115625
8 0.45234375 0.1703125 0.3140625 0.340625
3 0.5703125 0.125 0.0609375 0.0609375
3 0.36015625 0.134375 0.05625 0.053125
0 0.43671875 0.30703125 0.0890625 0.05
0 0.5640625 0.31015625 0.08125 0.04375
0 0.26875 0.68359375 0.021875 0.1171875
3 0.2484375 0.521875 0.0625 0.053125
8 0.51484375 0.76171875 0.3421875 0.4765625
10 0.5125 0.740625 0.2328125 0.2
0 0.44296875 0.98359375 0.0890625 0.0328125
0 0.5859375 0.9828125 0.090625 0.034375
5 0.51171875 0.553125 0.1359375 0.0546875