3 0.1703125 0.1296875 0.340625 0.259375
0 0.4484375 0.22578125 0.0375 0.0671875
0 0.553125 0.22421875 0.09375 0.0703125
3 0.5703125 0.08125 0.05625 0.0625
0 0.03359375 0.70859375 0.0671875 0.0953125
8 0.03515625 0.51875 0.0703125 0.484375
5 0.65625 0.328125 0.1234375 0.0703125
10 0.671875 0.484375 0.19375 0.1859375
8 0.66875 0.53828125 0.3046875 0.5015625
0 0.62578125 0.76875 0.078125 0.0515625
3 0.77578125 0.58828125 0.0671875 0.0625
3 0.57265625 0.590625 0.0546875 0.053125
0 0.75078125 0.76796875 0.09375 0.0484375
7 0.66015625 0.37421875 0.071875 0.025