3 0.3734375 0.30234375 0.30625 0.3546875
8 0.7765625 0.2859375 0.328125 0.3875
10 0.76640625 0.33046875 0.271875 0.2234375
5 0.76796875 0.13046875 0.1546875 0.0640625
9 0.13203125 0.73984375 0.2640625 0.5203125
11 0.115625 0.56484375 0.23125 0.1703125
4 0.0875 0.6828125 0.1140625 0.08125
1 0.10390625 0.9515625 0.1859375 0.06875
1 0.05 0.89296875 0.1 0.0515625
8 0.675 0.73984375 0.290625 0.5203125
10 0.6375 0.709375 0.215625 0.21875
0 0.71796875 0.9734375 0.1640625 0.053125
5 0.6109375 0.50625 0.1625 0.053125