3 0.10234375 0.21484375 0.2046875 0.4296875
3 0.73046875 0.09296875 0.3234375 0.1859375
0 0.0671875 0.71875 0.109375 0.128125
10 0.121875 0.465625 0.24375 0.071875
0 0.1953125 0.69140625 0.16875 0.1234375
3 0.03671875 0.534375 0.0734375 0.053125
3 0.25234375 0.503125 0.0453125 0.065625
10 0.65234375 0.56171875 0.1671875 0.1953125
8 0.68359375 0.66015625 0.2296875 0.4609375
3 0.7546875 0.66953125 0.065625 0.0671875
0 0.609375 0.865625 0.08125 0.0515625
0 0.7421875 0.8609375 0.0703125 0.0484375
7 0.60546875 0.4484375 0.0734375 0.028125