3 0.16328125 0.11640625 0.3265625 0.2328125
10 0.865625 0.19140625 0.23125 0.2015625
5 0.85546875 0.01640625 0.1328125 0.0328125
3 0.9875 0.309375 0.025 0.059375
3 0.76328125 0.321875 0.0671875 0.053125
2 0.86171875 0.03828125 0.1109375 0.0234375
10 0.31328125 0.6359375 0.2140625 0.1953125
8 0.315625 0.70625 0.34375 0.55625
5 0.29375 0.46796875 0.1375 0.071875
0 0.29375 0.94140625 0.0796875 0.0546875
3 0.2125 0.7515625 0.059375 0.059375
3 0.44140625 0.74921875 0.071875 0.0625
3 0.7359375 0.71640625 0.4125 0.5671875