3 0.1953125 0.32109375 0.390625 0.4171875
11 0.77109375 0.28515625 0.253125 0.234375
9 0.79140625 0.28515625 0.3546875 0.4890625
6 0.7609375 0.08671875 0.1734375 0.08125
4 0.65625 0.43125 0.084375 0.0796875
4 0.89375 0.43515625 0.090625 0.0734375
7 0.7421875 0.1515625 0.084375 0.0375
10 0.371875 0.64140625 0.253125 0.2109375
0 0.3046875 0.94453125 0.096875 0.1109375
0 0.45234375 0.9421875 0.1140625 0.115625
3 0.25859375 0.77890625 0.0734375 0.0578125
3 0.4984375 0.76171875 0.021875 0.0640625
8 0.5796875 0.76484375 0.140625 0.4703125
3 0.615625 0.60234375 0.0546875 0.065625
0 0.5859375 0.8234375 0.153125 0.059375
0 0.53671875 0.85546875 0.0546875 0.0796875