3 0.2390625 0.33671875 0.459375 0.2640625
3 0.27734375 0.0640625 0.3828125 0.128125
8 0.87578125 0.19296875 0.2484375 0.3859375
3 0.84609375 0.03046875 0.0921875 0.0609375
0 0.8890625 0.24921875 0.115625 0.065625
0 0.96796875 0.22578125 0.0640625 0.0640625
10 0.0953125 0.565625 0.190625 0.19375
8 0.1203125 0.734375 0.240625 0.53125
3 0.009375 0.69453125 0.01875 0.0734375
0 0.03125 0.9171875 0.0625 0.0625
3 0.21171875 0.678125 0.0671875 0.0765625
0 0.1421875 0.89140625 0.15 0.075
10 0.5765625 0.54609375 0.215625 0.1546875
0 0.50078125 0.81015625 0.0640625 0.1203125
0 0.6390625 0.8109375 0.1 0.109375
3 0.690625 0.64140625 0.05 0.0578125