3 0.1390625 0.234375 0.278125 0.46875
0 0.48984375 0.046875 0.0796875 0.05
0 0.6125 0.0453125 0.0859375 0.0484375
10 0.28671875 0.52890625 0.1984375 0.1203125
8 0.2828125 0.640625 0.3125 0.34375
0 0.22265625 0.78828125 0.0796875 0.05
3 0.39609375 0.60703125 0.0625 0.0609375
3 0.1828125 0.6109375 0.0578125 0.053125
0 0.34296875 0.7859375 0.0875 0.0546875
10 0.86171875 0.60546875 0.2765625 0.2609375
0 0.90625 0.96015625 0.153125 0.0796875
0 0.80859375 0.94375 0.1640625 0.1125
3 0.72890625 0.7390625 0.0578125 0.071875
3 0.8984375 0.7734375 0.090625 0.075