3 0.3234375 0.23828125 0.278125 0.3609375
10 0.759375 0.06796875 0.20625 0.1359375
0 0.72265625 0.3046875 0.0640625 0.1
0 0.8421875 0.30546875 0.075 0.0984375
3 0.6640625 0.16015625 0.053125 0.0484375
3 0.86640625 0.1546875 0.0546875 0.05625
0 0.4390625 0.728125 0.059375 0.134375
2 0.41171875 0.52890625 0.0546875 0.0671875
10 0.790625 0.72421875 0.203125 0.1734375
0 0.7828125 0.9640625 0.075 0.071875
0 0.89609375 0.9625 0.0921875 0.075
5 0.7640625 0.56875 0.109375 0.05
3 0.7046875 0.8359375 0.05 0.04375
3 0.91171875 0.82421875 0.0515625 0.0484375
2 0.76640625 0.5984375 0.0890625 0.015625