3 0.1875 0.28671875 0.375 0.3453125
10 0.90625 0.2296875 0.1875 0.459375
5 0.7203125 0.35703125 0.221875 0.2046875
10 0.27890625 0.62578125 0.1890625 0.1765625
0 0.234375 0.88203125 0.071875 0.0953125
0 0.35 0.8828125 0.08125 0.103125
5 0.2625 0.4765625 0.115625 0.034375
2 0.26484375 0.49765625 0.0890625 0.0234375
3 0.18359375 0.7375 0.0515625 0.046875
3 0.3859375 0.73359375 0.053125 0.0515625
0 0.8953125 0.64375 0.078125 0.1125
0 0.9890625 0.64296875 0.021875 0.1046875
3 0.82421875 0.4921875 0.0546875 0.05625