3 0.140625 0.23828125 0.28125 0.4765625
10 0.53828125 0.2359375 0.2578125 0.21875
0 0.64140625 0.48671875 0.1640625 0.0265625
5 0.528125 0.0296875 0.171875 0.059375
2 0.571875 0.06640625 0.10625 0.0234375
3 0.5296875 0.38359375 0.075 0.0546875
3 0.68125 0.34140625 0.046875 0.0609375
3 0.18671875 0.74375 0.3734375 0.4875
10 0.696875 0.6609375 0.215625 0.175
0 0.684375 0.921875 0.084375 0.09375
0 0.7984375 0.91953125 0.084375 0.0984375
5 0.6703125 0.51484375 0.11875 0.0296875
2 0.671875 0.53203125 0.09375 0.0171875
3 0.615625 0.78359375 0.0625 0.0640625
3 0.821875 0.7671875 0.05625 0.05625