3 0.11640625 0.171875 0.2328125 0.34375
3 0.38515625 0.34140625 0.2296875 0.3890625
10 0.6921875 0.1125 0.15625 0.225
0 0.65390625 0.57109375 0.0953125 0.0359375
0 0.72578125 0.55625 0.0765625 0.053125
8 0.71640625 0.29453125 0.2890625 0.5890625
10 0.13359375 0.89140625 0.1578125 0.2171875
5 0.1046875 0.67578125 0.084375 0.0796875
3 0.37109375 0.76484375 0.0828125 0.0828125
2 0.11171875 0.71953125 0.0671875 0.0203125
10 0.5984375 0.79296875 0.18125 0.3328125
3 0.6203125 0.65390625 0.075 0.0703125
3 0.51640625 0.93828125 0.0328125 0.0953125