3 0.1453125 0.0515625 0.290625 0.103125
3 0.42890625 0.14765625 0.2015625 0.2953125
10 0.81640625 0.26328125 0.1734375 0.3296875
5 0.80859375 0.45703125 0.1015625 0.1265625
3 0.75859375 0.38515625 0.0515625 0.0984375
3 0.87734375 0.38359375 0.0453125 0.0953125
2 0.81484375 0.01015625 0.0578125 0.0203125
10 0.43828125 0.8015625 0.1640625 0.265625
8 0.41953125 0.775 0.2203125 0.45
5 0.5484375 0.60859375 0.0375 0.1078125
10 0.57734375 0.865625 0.0953125 0.26875
2 0.5421875 0.6609375 0.025 0.028125
3 0.77421875 0.70625 0.0828125 0.078125