3 0.12421875 0.153125 0.2484375 0.30625
3 0.3609375 0.32578125 0.115625 0.3578125
10 0.94296875 0.2515625 0.1140625 0.178125
10 0.54453125 0.2578125 0.2515625 0.178125
10 0.55546875 0.4796875 0.2734375 0.078125
10 0.5546875 0.021875 0.271875 0.04375
8 0.5609375 0.2109375 0.284375 0.28125
8 0.57890625 0.440625 0.3203125 0.15625
8 0.92421875 0.44296875 0.1515625 0.1515625
8 0.92265625 0.2078125 0.1546875 0.284375
10 0.34921875 0.75546875 0.1390625 0.3359375
5 0.51171875 0.82578125 0.0671875 0.1140625
10 0.7140625 0.828125 0.23125 0.19375
8 0.7359375 0.8140625 0.528125 0.325