3 0.16640625 0.34765625 0.3328125 0.3421875
3 0.52265625 0.43125 0.2921875 0.175
5 0.809375 0.14453125 0.059375 0.0609375
10 0.9671875 0.3828125 0.065625 0.271875
5 0.98203125 0.17578125 0.0359375 0.0859375
8 0.78984375 0.303125 0.1921875 0.43125
8 0.9421875 0.31640625 0.115625 0.4046875
10 0.44296875 0.775 0.1640625 0.15
8 0.44375 0.759375 0.35625 0.48125
10 0.8921875 0.9234375 0.215625 0.153125
5 0.89375 0.5984375 0.184375 0.159375
8 0.75859375 0.759375 0.1796875 0.48125
8 0.88671875 0.759375 0.2265625 0.48125
2 0.9015625 0.6609375 0.16875 0.0578125