3 0.25625 0.15234375 0.3375 0.3046875
3 0.6125 0.31328125 0.253125 0.3578125
8 0.9328125 0.31796875 0.134375 0.3265625
10 0.9296875 0.26328125 0.0734375 0.1234375
5 0.934375 0.16796875 0.0671875 0.034375
3 0.87265625 0.31796875 0.0546875 0.046875
3 0.97734375 0.33671875 0.0453125 0.0703125
0 0.10625 0.9890625 0.10625 0.021875
0 0.46171875 0.99140625 0.0796875 0.0171875
8 0.121875 0.8296875 0.24375 0.340625
8 0.4921875 0.8296875 0.440625 0.340625
10 0.93828125 0.7765625 0.1234375 0.234375
8 0.91484375 0.8296875 0.1703125 0.340625