3 0.2578125 0.128125 0.4 0.25625
3 0.63125 0.21484375 0.225 0.3296875
10 0.3609375 0.6640625 0.1671875 0.23125
5 0.32734375 0.465625 0.1859375 0.090625
8 0.35234375 0.7109375 0.3140625 0.578125
3 0.32109375 0.8140625 0.0921875 0.0703125
3 0.475 0.775 0.0578125 0.06875
7 0.36953125 0.5234375 0.0890625 0.0453125
0 0.428125 0.98828125 0.18125 0.0234375
10 0.6515625 0.4875 0.234375 0.2
0 0.58125 0.77421875 0.071875 0.1203125
0 0.7234375 0.775 0.1 0.109375
3 0.540625 0.61171875 0.04375 0.0515625
3 0.775 0.60546875 0.05 0.0578125