3 0.19453125 0.278125 0.3890625 0.38125
10 0.73671875 0.021875 0.2203125 0.04375
0 0.6671875 0.23203125 0.075 0.1171875
0 0.8140625 0.2328125 0.1 0.11875
3 0.621875 0.0703125 0.065625 0.053125
3 0.8609375 0.06328125 0.065625 0.0640625
3 0.36640625 0.8125 0.0453125 0.046875
10 0.6109375 0.6890625 0.1796875 0.2265625
5 0.5984375 0.50546875 0.175 0.0734375
8 0.6078125 0.734375 0.3125 0.53125
3 0.55234375 0.83359375 0.084375 0.065625
3 0.740625 0.80859375 0.0546875 0.065625
7 0.63203125 0.56015625 0.0875 0.0484375