3 0.29296875 0.134375 0.2140625 0.26875
3 0.2546875 0.5046875 0.290625 0.25
10 0.5484375 0.24453125 0.203125 0.1734375
0 0.53984375 0.49609375 0.075 0.0953125
0 0.65390625 0.49296875 0.0921875 0.0953125
5 0.521875 0.08828125 0.109375 0.05
8 0.55390625 0.30390625 0.3 0.484375
8 0.28515625 0.8109375 0.2296875 0.3625
0 0.32734375 0.9 0.1453125 0.14375
0 0.31328125 0.83046875 0.1734375 0.1453125
8 0.865625 0.81484375 0.26875 0.3703125
10 0.88203125 0.746875 0.1859375 0.234375
3 0.9265625 0.90078125 0.096875 0.0828125
3 0.77109375 0.86875 0.071875 0.075