3 0.18671875 0.16953125 0.3734375 0.3390625
8 0.85234375 0.184375 0.2953125 0.36875
3 0.828125 0.0765625 0.096875 0.0765625
0 0.8515625 0.290625 0.1765625 0.08125
0 0.928125 0.25703125 0.14375 0.0515625
3 0.1609375 0.5875 0.321875 0.428125
3 0.41015625 0.70078125 0.1578125 0.5984375
10 0.65703125 0.6484375 0.2453125 0.2125
0 0.65234375 0.95703125 0.1671875 0.0859375
0 0.74609375 0.9390625 0.1671875 0.10625
5 0.659375 0.44453125 0.1625 0.0640625
2 0.690625 0.4859375 0.11875 0.028125
3 0.6609375 0.8 0.071875 0.053125
3 0.79140625 0.76015625 0.0421875 0.0609375