3 0.23125 0.43515625 0.4625 0.5296875
3 0.84921875 0.146875 0.3015625 0.29375
3 0.8390625 0.5640625 0.321875 0.271875
8 0.28515625 0.81328125 0.3078125 0.2265625
0 0.24453125 0.903125 0.08125 0.0484375
3 0.39453125 0.725 0.0609375 0.05
3 0.18125 0.72890625 0.059375 0.053125
0 0.371875 0.89609375 0.0875 0.0578125
10 0.88984375 0.84609375 0.1890625 0.1765625
5 0.8734375 0.70703125 0.115625 0.0140625
3 0.7953125 0.959375 0.053125 0.05
3 0.98515625 0.9546875 0.0296875 0.053125
2 0.87578125 0.71953125 0.0890625 0.0203125