3 0.06640625 0.353125 0.1328125 0.33125
3 0.325 0.4578125 0.25 0.121875
10 0.90859375 0.1703125 0.1828125 0.209375
0 0.8671875 0.4703125 0.096875 0.096875
0 0.9765625 0.46875 0.046875 0.1
2 0.93515625 0.0125 0.1140625 0.025
3 0.821875 0.31171875 0.06875 0.0546875
10 0.28203125 0.86328125 0.3359375 0.2421875
9 0.6390625 0.759375 0.334375 0.48125
6 0.63828125 0.5546875 0.2734375 0.071875
11 0.64375 0.77109375 0.2609375 0.2921875
4 0.6296875 0.95 0.1140625 0.08125
7 0.5671875 0.60703125 0.0703125 0.0453125