3 0.27890625 0.19140625 0.3421875 0.2953125
8 0.81484375 0.11953125 0.3671875 0.2390625
0 0.8890625 0.18203125 0.1078125 0.0625
0 0.75078125 0.1859375 0.08125 0.05625
3 0.6953125 0.0078125 0.071875 0.015625
10 0.12734375 0.44609375 0.203125 0.1875
8 0.13984375 0.57421875 0.2796875 0.4703125
3 0.246875 0.54296875 0.0625 0.0609375
3 0.0375 0.55625 0.059375 0.053125
0 0.11484375 0.7265625 0.0796875 0.0546875
0 0.24140625 0.725 0.0875 0.0484375
10 0.6203125 0.64296875 0.2171875 0.2234375
5 0.61015625 0.45625 0.1625 0.084375
8 0.615625 0.71015625 0.33125 0.5796875
3 0.521875 0.78671875 0.084375 0.071875
0 0.55546875 0.9890625 0.1015625 0.021875
0 0.684375 0.978125 0.1375 0.04375
3 0.7515625 0.7671875 0.0671875 0.0734375
7 0.62734375 0.51796875 0.109375 0.0359375