3 0.0671875 0.27421875 0.134375 0.3890625
3 0.31171875 0.3703125 0.2953125 0.196875
10 0.8046875 0.2875 0.1625 0.2328125
5 0.7703125 0.09140625 0.1859375 0.090625
8 0.78828125 0.2546875 0.3140625 0.428125
3 0.76484375 0.4375 0.0890625 0.0625
3 0.9109375 0.40234375 0.0546875 0.065625
7 0.81484375 0.15390625 0.0875 0.0390625
10 0.0859375 0.865625 0.09375 0.26875
10 0.0390625 0.89609375 0.075 0.2078125
10 0.334375 0.81171875 0.25 0.3765625
10 0.14375 0.86328125 0.15625 0.2734375
10 0.23359375 0.87734375 0.1328125 0.2453125
8 0.68203125 0.5515625 0.3046875 0.165625
0 0.63984375 0.6140625 0.078125 0.0515625
0 0.76484375 0.61328125 0.09375 0.0484375