3 0.184375 0.134375 0.36875 0.26875
3 0.80390625 0.0671875 0.3328125 0.134375
10 0.09609375 0.5453125 0.1640625 0.31875
5 0.09609375 0.74140625 0.1078125 0.1109375
0 0.0953125 0.9875 0.05 0.025
2 0.08828125 0.30234375 0.0703125 0.0328125
3 0.04375 0.67734375 0.046875 0.0984375
3 0.15234375 0.67890625 0.0546875 0.0953125
10 0.63828125 0.45625 0.1609375 0.24375
0 0.6296875 0.95078125 0.059375 0.0890625
0 0.68828125 0.953125 0.0578125 0.078125
3 0.3984375 0.29765625 0.059375 0.0578125
2 0.60703125 0.2734375 0.0671875 0.009375