3 0.1015625 0.10390625 0.203125 0.2078125
10 0.721875 0.20625 0.1875 0.2265625
5 0.7015625 0.0296875 0.178125 0.059375
8 0.70625 0.21953125 0.31875 0.4390625
3 0.64609375 0.34765625 0.090625 0.0734375
3 0.84140625 0.32265625 0.0546875 0.0703125
7 0.72890625 0.07578125 0.09375 0.0453125
10 0.12578125 0.66484375 0.1890625 0.1765625
0 0.08125 0.92109375 0.071875 0.0953125
0 0.196875 0.921875 0.08125 0.103125
5 0.10859375 0.5078125 0.115625 0.05
8 0.13984375 0.72890625 0.2796875 0.5015625
10 0.6609375 0.465625 0.2625 0.053125
0 0.7484375 0.68125 0.153125 0.121875
0 0.61796875 0.71015625 0.1453125 0.1328125
3 0.60546875 0.52890625 0.0765625 0.0640625
3 0.80390625 0.49296875 0.0484375 0.0609375