3 0.21484375 0.07890625 0.4296875 0.1578125
3 0.1859375 0.41171875 0.371875 0.3390625
10 0.584375 0.27578125 0.16875 0.2140625
0 0.51796875 0.5890625 0.0359375 0.128125
0 0.621875 0.571875 0.14375 0.121875
5 0.54921875 0.07578125 0.0984375 0.0609375
3 0.6796875 0.396875 0.04375 0.05625
2 0.55546875 0.115625 0.1109375 0.01875
5 0.34296875 0.875 0.184375 0.196875
8 0.309375 0.89375 0.38125 0.2125
8 0.83203125 0.84453125 0.3140625 0.3109375
3 0.80859375 0.7203125 0.0890625 0.0625
0 0.91171875 0.890625 0.1765625 0.059375
0 0.82265625 0.9234375 0.1625 0.0796875