3 0.084375 0.10234375 0.16875 0.2046875
3 0.33984375 0.1875 0.2578125 0.34375
5 0.69921875 0.1546875 0.0953125 0.10625
10 0.69453125 0.078125 0.1640625 0.15625
8 0.68671875 0.1796875 0.2703125 0.359375
10 0.28125 0.64453125 0.375 0.4109375
8 0.24453125 0.61796875 0.4484375 0.5171875
8 0.178125 0.93984375 0.35625 0.1203125
10 0.8265625 0.52265625 0.18125 0.3265625
0 0.82421875 0.97265625 0.0578125 0.0546875
0 0.88515625 0.9765625 0.0578125 0.046875
3 0.83984375 0.38046875 0.0734375 0.0421875
3 0.7453125 0.66796875 0.0375 0.1046875