3 0.246875 0.41171875 0.39375 0.3359375
5 0.57578125 0.0609375 0.13125 0.0703125
10 0.6078125 0.221875 0.2125 0.1953125
8 0.6328125 0.28515625 0.2875 0.5296875
3 0.7328125 0.32890625 0.065625 0.0671875
0 0.5875 0.525 0.08125 0.0515625
3 0.51796875 0.33984375 0.0578125 0.0671875
0 0.7203125 0.5203125 0.0703125 0.0484375
7 0.58046875 0.1078125 0.08125 0.028125
10 0.4140625 0.78203125 0.15 0.2015625
5 0.43046875 0.59921875 0.1171875 0.0390625
3 0.34140625 0.921875 0.0640625 0.05
2 0.43515625 0.6265625 0.1078125 0.021875