3 0.2265625 0.0828125 0.453125 0.165625
3 0.2140625 0.33359375 0.428125 0.2921875
10 0.70703125 0.0265625 0.2140625 0.053125
0 0.8140625 0.21484375 0.090625 0.0953125
0 0.696875 0.2203125 0.071875 0.096875
8 0.715625 0.1375 0.31875 0.275
10 0.34375 0.7734375 0.1765625 0.228125
5 0.31640625 0.5796875 0.18125 0.0890625
8 0.32421875 0.76171875 0.3203125 0.4765625
3 0.28515625 0.91640625 0.1078125 0.071875
3 0.45625 0.88828125 0.0625 0.0671875
7 0.3484375 0.63359375 0.0890625 0.0453125
10 0.77734375 0.74296875 0.4453125 0.5140625