3 0.16328125 0.2703125 0.3265625 0.540625
11 0.765625 0.084375 0.2625 0.16875
9 0.78125 0.29453125 0.334375 0.5890625
1 0.775 0.4828125 0.234375 0.0921875
4 0.7375 0.21171875 0.10625 0.1015625
10 0.30546875 0.84765625 0.2359375 0.2078125
5 0.2890625 0.6625 0.13125 0.059375
3 0.2046875 0.97421875 0.075 0.0515625
3 0.42578125 0.9671875 0.0484375 0.0625
2 0.29140625 0.696875 0.1140625 0.021875
8 0.6671875 0.78515625 0.353125 0.3921875
10 0.66171875 0.66171875 0.2359375 0.1453125
0 0.603125 0.92421875 0.0703125 0.115625
0 0.7421875 0.9171875 0.103125 0.115625