3 0.49296875 0.08828125 0.2515625 0.1765625
10 0.7890625 0.0515625 0.2125 0.103125
3 0.69921875 0.1328125 0.0875 0.0734375
8 0.78671875 0.13984375 0.3359375 0.2796875
3 0.92421875 0.11015625 0.0625 0.071875
3 0.29140625 0.53046875 0.415625 0.403125
10 0.75625 0.5484375 0.1796875 0.2265625
5 0.74375 0.35859375 0.175 0.0859375
8 0.7640625 0.653125 0.290625 0.69375
3 0.69765625 0.69296875 0.084375 0.065625
3 0.8859375 0.66796875 0.0546875 0.065625
0 0.7171875 0.909375 0.1390625 0.0765625
0 0.83125 0.878125 0.178125 0.05
7 0.77734375 0.41953125 0.0875 0.0484375