3 0.25 0.1078125 0.4 0.215625
10 0.68359375 0.065625 0.2171875 0.13125
8 0.6921875 0.2 0.30625 0.4
3 0.5859375 0.16328125 0.084375 0.071875
0 0.61953125 0.37734375 0.1015625 0.0453125
0 0.7484375 0.3640625 0.1375 0.0625
3 0.815625 0.14375 0.0671875 0.0734375
10 0.25703125 0.4671875 0.2421875 0.134375
0 0.37109375 0.7484375 0.0828125 0.128125
0 0.2328125 0.73671875 0.096875 0.1234375
3 0.140625 0.56328125 0.059375 0.0515625
3 0.384375 0.56171875 0.071875 0.0609375
10 0.703125 0.878125 0.103125 0.24375