3 0.25078125 0.215625 0.3640625 0.346875
5 0.74296875 0.07421875 0.040625 0.04375
5 0.8953125 0.13359375 0.0375 0.0484375
8 0.7546875 0.275 0.13125 0.228125
8 0.90234375 0.33125 0.1546875 0.115625
8 0.88828125 0.1953125 0.096875 0.16875
8 0.72890625 0.19375 0.103125 0.275
3 0.09375 0.85859375 0.1875 0.2828125
10 0.9 0.5953125 0.2 0.21875
0 0.84453125 0.915625 0.0953125 0.128125
0 0.971875 0.903125 0.05625 0.128125
5 0.9078125 0.40625 0.159375 0.034375
3 0.81171875 0.7375 0.0734375 0.053125
2 0.9203125 0.43515625 0.121875 0.0265625