3 0.24296875 0.1296875 0.3296875 0.259375
3 0.23203125 0.48125 0.3484375 0.175
11 0.8375 0.0671875 0.253125 0.134375
9 0.840625 0.2625 0.31875 0.525
4 0.7234375 0.1640625 0.084375 0.0796875
4 0.9578125 0.16796875 0.084375 0.0734375
1 0.80625 0.365625 0.125 0.0671875
1 0.93984375 0.3875 0.1015625 0.0671875
10 0.38515625 0.628125 0.2078125 0.11875
8 0.371875 0.74453125 0.25625 0.3515625
3 0.2953125 0.703125 0.0609375 0.05625
3 0.48828125 0.6890625 0.0234375 0.0625
0 0.3734375 0.8796875 0.0828125 0.0484375
0 0.47578125 0.87421875 0.0484375 0.0546875
10 0.740625 0.67421875 0.265625 0.2109375
0 0.8078125 0.9703125 0.121875 0.059375
0 0.684375 0.959375 0.153125 0.08125
3 0.61328125 0.78984375 0.0515625 0.0578125
3 0.82109375 0.81484375 0.0921875 0.0640625