3 0.26953125 0.39296875 0.4921875 0.1734375
3 0.30703125 0.13671875 0.4703125 0.2734375
3 0.784375 0.15546875 0.309375 0.3109375
10 0.2921875 0.76015625 0.203125 0.1734375
0 0.284375 0.98203125 0.075 0.0359375
0 0.39765625 0.98046875 0.0921875 0.0390625
5 0.265625 0.6046875 0.109375 0.05
3 0.20625 0.871875 0.05 0.04375
3 0.41328125 0.86015625 0.0515625 0.0484375
2 0.26796875 0.634375 0.0890625 0.015625
8 0.8625 0.73984375 0.275 0.5203125
3 0.81875 0.5375 0.103125 0.0703125
3 0.9890625 0.5125 0.021875 0.0625
0 0.84609375 0.75703125 0.1484375 0.0734375
0 0.93828125 0.72109375 0.1234375 0.0515625