3 0.16953125 0.1546875 0.3390625 0.309375
10 0.69140625 0.2375 0.2609375 0.14375
5 0.67421875 0.075 0.1546875 0.071875
2 0.70390625 0.1125 0.1171875 0.021875
10 0.27265625 0.3984375 0.1328125 0.178125
8 0.2421875 0.51015625 0.19375 0.4015625
0 0.24140625 0.68671875 0.0796875 0.05
3 0.2015625 0.509375 0.0578125 0.053125
0 0.328125 0.68359375 0.021875 0.0546875
5 0.63984375 0.36796875 0.190625 0.0921875
10 0.675 0.56796875 0.15625 0.2328125
8 0.64765625 0.6609375 0.3015625 0.678125
3 0.646875 0.7140625 0.0859375 0.0703125
0 0.6390625 0.934375 0.184375 0.065625
0 0.72109375 0.8984375 0.1609375 0.0546875
7 0.6859375 0.42578125 0.090625 0.04375