3 0.33203125 0.26796875 0.3140625 0.1421875
8 0.80234375 0.0796875 0.3671875 0.159375
0 0.8765625 0.10234375 0.1375 0.065625
0 0.74453125 0.11796875 0.0984375 0.065625
10 0.35703125 0.7359375 0.2640625 0.528125
10 0.13125 0.78203125 0.2625 0.4359375
10 0.02578125 0.84765625 0.0515625 0.3046875
10 0.7984375 0.38671875 0.2 0.0953125
8 0.7953125 0.496875 0.309375 0.315625
0 0.7625 0.6328125 0.078125 0.0515625
3 0.69921875 0.45625 0.0578125 0.05
3 0.903125 0.45 0.0703125 0.0515625
0 0.88046875 0.63046875 0.075 0.0546875