3 0.2390625 0.15078125 0.396875 0.3015625
3 0.53046875 0.2984375 0.0765625 0.425
10 0.7265625 0.16953125 0.171875 0.3265625
0 0.71953125 0.61796875 0.0515625 0.0421875
0 0.77578125 0.62109375 0.0640625 0.0359375
8 0.759375 0.31953125 0.38125 0.6390625
10 0.40859375 0.81171875 0.2421875 0.2046875
5 0.2171875 0.7984375 0.1 0.1015625
3 0.5 0.6828125 0.075 0.06875
3 0.52890625 0.9234375 0.0796875 0.065625
8 0.35 0.80234375 0.4375 0.3265625
10 0.7625 0.7625 0.171875 0.246875
3 0.72109375 0.83671875 0.0671875 0.0796875
3 0.82109375 0.86015625 0.0453125 0.0984375