3 0.16953125 0.12890625 0.3390625 0.2578125
8 0.60703125 0.10234375 0.3546875 0.2046875
0 0.53828125 0.13828125 0.096875 0.1359375
0 0.690625 0.128125 0.121875 0.125
10 0.22734375 0.4359375 0.1828125 0.19375
8 0.2125 0.66953125 0.309375 0.6609375
3 0.15703125 0.559375 0.0984375 0.0703125
3 0.34765625 0.53828125 0.05625 0.06875
0 0.29296875 0.74453125 0.1609375 0.053125
0 0.18046875 0.77265625 0.1375 0.06875
10 0.8875 0.4125 0.225 0.146875
0 0.98671875 0.7 0.0265625 0.13125
0 0.8671875 0.69609375 0.103125 0.1171875
3 0.7921875 0.51328125 0.071875 0.0671875