0 0.665625 0.01640625 0.075 0.0328125
0 0.8125 0.01328125 0.11875 0.0265625
10 0.37734375 0.57890625 0.2390625 0.2203125
0 0.3625 0.9015625 0.15 0.1375
0 0.475 0.8703125 0.171875 0.109375
5 0.35859375 0.3765625 0.1578125 0.071875
3 0.3484375 0.725 0.084375 0.0625
3 0.5140625 0.69296875 0.065625 0.0703125
2 0.37734375 0.41015625 0.1578125 0.0296875
10 0.87578125 0.4375 0.2484375 0.215625
0 0.9484375 0.771875 0.103125 0.146875
0 0.83203125 0.74296875 0.1390625 0.1234375
3 0.7515625 0.5578125 0.05625 0.05625
3 0.96328125 0.58046875 0.0734375 0.0703125