3 0.10546875 0.21953125 0.2109375 0.4390625
3 0.521875 0.32265625 0.175 0.2328125
3 0.8046875 0.28125 0.390625 0.315625
5 0.13359375 0.48984375 0.1828125 0.0875
10 0.16953125 0.67734375 0.15 0.2328125
8 0.14296875 0.71953125 0.2859375 0.5609375
3 0.12421875 0.83046875 0.084375 0.0734375
3 0.25859375 0.7875 0.0546875 0.0671875
0 0.2140625 0.98671875 0.165625 0.0265625
7 0.175 0.53984375 0.078125 0.040625
10 0.71328125 0.584375 0.2078125 0.25625
8 0.7625 0.71953125 0.30625 0.5609375
3 0.78828125 0.76015625 0.0921875 0.0859375
3 0.6203125 0.721875 0.021875 0.08125