3 0.3078125 0.21640625 0.34375 0.2671875
3 0.78984375 0.06015625 0.4203125 0.1203125
3 0.7578125 0.3296875 0.35625 0.259375
10 0.3359375 0.48046875 0.221875 0.0421875
0 0.3171875 0.6828125 0.078125 0.1125
0 0.43984375 0.68203125 0.0796875 0.1046875
3 0.24609375 0.53125 0.0546875 0.05625
3 0.45859375 0.52421875 0.0421875 0.0546875
10 0.62578125 0.53515625 0.2109375 0.1515625
8 0.63359375 0.7296875 0.3078125 0.540625
3 0.5453125 0.6421875 0.0890625 0.0671875
0 0.5859375 0.86875 0.121875 0.065625
0 0.71015625 0.84375 0.153125 0.0625
3 0.76796875 0.62421875 0.059375 0.071875