3 0.1640625 0.15703125 0.328125 0.3140625
3 0.475 0.321875 0.15 0.39375
3 0.7703125 0.259375 0.440625 0.51875
10 0.190625 0.61796875 0.165625 0.1984375
0 0.19609375 0.98203125 0.0546875 0.0359375
3 0.11796875 0.70234375 0.0453125 0.1046875
3 0.2875 0.68984375 0.0375 0.0984375
5 0.740625 0.53046875 0.1 0.0234375
10 0.5890625 0.67890625 0.078125 0.3171875
10 0.75 0.684375 0.175 0.28125
10 0.93125 0.67265625 0.1375 0.3015625
0 0.734375 0.96875 0.1 0.0625
0 0.9015625 0.9921875 0.090625 0.015625
8 0.925 0.759375 0.15 0.48125
8 0.75390625 0.759375 0.1953125 0.48125
8 0.58671875 0.759375 0.0734375 0.48125