3 0.20390625 0.32734375 0.4078125 0.3046875
10 0.85 0.19765625 0.23125 0.2109375
5 0.8421875 0.028125 0.146875 0.05625
8 0.82890625 0.23984375 0.3421875 0.4796875
3 0.73359375 0.32734375 0.0703125 0.0671875
3 0.97734375 0.32109375 0.0453125 0.0671875
7 0.846875 0.075 0.103125 0.040625
3 0.21953125 0.81953125 0.4390625 0.3609375
10 0.54296875 0.71484375 0.1484375 0.1984375
0 0.5875 0.97421875 0.109375 0.0515625
5 0.51171875 0.5328125 0.0859375 0.059375
3 0.634375 0.8359375 0.059375 0.065625
2 0.5078125 0.5671875 0.078125 0.021875