3 0.1609375 0.26171875 0.321875 0.3640625
10 0.696875 0.2578125 0.190625 0.175
0 0.73828125 0.48359375 0.0671875 0.0328125
0 0.62265625 0.4828125 0.0671875 0.034375
5 0.6953125 0.1015625 0.109375 0.046875
3 0.6 0.36953125 0.021875 0.0390625
3 0.79921875 0.36875 0.0515625 0.046875
2 0.69140625 0.13046875 0.0890625 0.0203125
10 0.465625 0.70859375 0.1984375 0.2265625
8 0.43671875 0.75 0.3046875 0.5
5 0.4546875 0.5328125 0.171875 0.065625
3 0.3890625 0.8578125 0.0859375 0.0734375
7 0.478125 0.57890625 0.0890625 0.0375
3 0.5828125 0.8328125 0.0125 0.06875
3 0.93515625 0.84140625 0.1296875 0.3171875