3 0.165625 0.36015625 0.33125 0.3515625
10 0.7671875 0.18515625 0.278125 0.2609375
0 0.7890625 0.5546875 0.15 0.109375
0 0.70234375 0.52734375 0.1671875 0.1234375
2 0.69765625 0.00390625 0.1171875 0.0078125
3 0.6359375 0.31875 0.034375 0.059375
3 0.7875 0.35625 0.090625 0.08125
5 0.090625 0.6671875 0.1328125 0.06875
10 0.1140625 0.828125 0.2125 0.19375
8 0.14453125 0.8140625 0.2890625 0.371875
3 0.24609375 0.928125 0.065625 0.065625
3 0.0296875 0.940625 0.059375 0.053125
7 0.096875 0.7125 0.0796875 0.028125