3 0.10625 0.22578125 0.2125 0.4515625
3 0.51171875 0.34375 0.1546875 0.33125
3 0.6703125 0.1421875 0.1625 0.284375
10 0.40625 0.72890625 0.203125 0.1765625
0 0.353125 0.9671875 0.078125 0.065625
0 0.4671875 0.96484375 0.075 0.0703125
5 0.39140625 0.56953125 0.1171875 0.0546875
3 0.30546875 0.8390625 0.0515625 0.04375
3 0.5109375 0.83515625 0.053125 0.0484375
2 0.39609375 0.6015625 0.0984375 0.015625
10 0.6515625 0.68984375 0.125 0.2015625
0 0.6890625 0.96015625 0.11875 0.0796875
3 0.734375 0.8078125 0.053125 0.059375
2 0.61953125 0.53671875 0.0609375 0.0234375