3 0.29453125 0.16484375 0.2109375 0.3296875
8 0.5640625 0.0875 0.30625 0.175
0 0.525 0.153125 0.0765625 0.0515625
0 0.6484375 0.1546875 0.0734375 0.05
3 0.1671875 0.85546875 0.334375 0.2890625
10 0.628125 0.5953125 0.1671875 0.23125
5 0.59453125 0.396875 0.1859375 0.090625
8 0.61953125 0.6765625 0.3140625 0.646875
3 0.58828125 0.7453125 0.0921875 0.0703125
3 0.7421875 0.70625 0.0578125 0.06875
7 0.63671875 0.4546875 0.0890625 0.0453125
0 0.60546875 0.965625 0.1703125 0.06875
0 0.70078125 0.93515625 0.190625 0.0546875