3 0.296875 0.05390625 0.475 0.1078125
10 0.63046875 0.0953125 0.0828125 0.190625
10 0.60078125 0.096875 0.0640625 0.19375
10 0.88125 0.14453125 0.2375 0.2890625
10 0.696875 0.1421875 0.15625 0.284375
10 0.76328125 0.14453125 0.1828125 0.2890625
3 0.1171875 0.7796875 0.234375 0.440625
3 0.44765625 0.8859375 0.2421875 0.228125
10 0.70703125 0.57890625 0.2421875 0.2296875
0 0.81953125 0.9078125 0.0890625 0.13125
0 0.68046875 0.89375 0.1171875 0.121875
5 0.69140625 0.371875 0.1671875 0.06875
2 0.67890625 0.4140625 0.1171875 0.025
3 0.596875 0.7109375 0.05625 0.065625
3 0.83125 0.72109375 0.071875 0.0640625