3 0.08828125 0.159375 0.1765625 0.31875
3 0.41015625 0.23125 0.3171875 0.175
8 0.85625 0.13984375 0.2875 0.2796875
0 0.8546875 0.06171875 0.165625 0.0703125
0 0.93828125 0.03046875 0.1234375 0.0453125
5 0.4546875 0.33046875 0.125 0.0234375
10 0.46875 0.45859375 0.2 0.1890625
8 0.4421875 0.5453125 0.253125 0.453125
3 0.55859375 0.56953125 0.0203125 0.0671875
3 0.37265625 0.5734375 0.0609375 0.0546875
0 0.4359375 0.74609375 0.0921875 0.04375
0 0.5375 0.75 0.0625 0.05
7 0.459375 0.353125 0.0859375 0.028125
3 0.7265625 0.79296875 0.315625 0.4140625