3 0.353125 0.20546875 0.34375 0.4078125
3 0.69765625 0.2640625 0.3171875 0.290625
10 0.353125 0.58515625 0.1984375 0.2265625
8 0.340625 0.7046875 0.3375 0.590625
5 0.3421875 0.42578125 0.171875 0.0328125
3 0.2765625 0.734375 0.0859375 0.0734375
7 0.365625 0.45546875 0.0890625 0.0375
3 0.49296875 0.709375 0.0578125 0.06875
0 0.434375 0.925 0.1640625 0.065625
0 0.3125 0.95 0.134375 0.0765625
8 0.65390625 0.6 0.2296875 0.38125
10 0.625 0.47421875 0.171875 0.1296875
0 0.5546875 0.7234375 0.03125 0.115625
0 0.66953125 0.72265625 0.090625 0.1171875