10 0.61875 0.246875 0.203125 0.228125
5 0.6078125 0.0578125 0.171875 0.0828125
8 0.60546875 0.26875 0.3515625 0.521875
3 0.53828125 0.3890625 0.090625 0.06875
3 0.7609375 0.3640625 0.0578125 0.0734375
7 0.6265625 0.11171875 0.0890625 0.0375
3 0.14453125 0.76484375 0.2890625 0.4703125
10 0.9140625 0.76484375 0.171875 0.4703125
10 0.43515625 0.73359375 0.0828125 0.378125
10 0.41328125 0.7578125 0.0484375 0.334375
10 0.71796875 0.76484375 0.3015625 0.4703125
10 0.5015625 0.76484375 0.15625 0.4703125
10 0.56796875 0.76484375 0.1828125 0.4703125