3 0.20859375 0.26796875 0.4171875 0.5359375
3 0.628125 0.275 0.278125 0.55
10 0.16953125 0.72734375 0.2359375 0.2078125
0 0.11171875 0.98203125 0.0703125 0.0359375
0 0.25 0.978125 0.103125 0.04375
5 0.153125 0.5609375 0.13125 0.021875
3 0.06171875 0.85859375 0.0671875 0.0578125
3 0.30078125 0.8453125 0.0484375 0.059375
2 0.1640625 0.57421875 0.096875 0.0234375
10 0.77578125 0.7953125 0.2140625 0.1875
5 0.75 0.628125 0.115625 0.053125
2 0.7484375 0.659375 0.084375 0.025
3 0.6859375 0.91328125 0.0625 0.0515625
3 0.9 0.9015625 0.059375 0.05625