3 0.20390625 0.33125 0.4078125 0.359375
10 0.6546875 0.28984375 0.190625 0.1828125
0 0.6203125 0.56015625 0.075 0.0984375
0 0.74375 0.55859375 0.09375 0.1015625
5 0.6140625 0.125 0.109375 0.053125
2 0.61171875 0.1546875 0.0953125 0.028125
3 0.56875 0.4109375 0.01875 0.053125
3 0.7609375 0.4 0.05625 0.0625
3 0.153125 0.68984375 0.30625 0.1609375
3 0.496875 0.78984375 0.125 0.3609375
10 0.92421875 0.73828125 0.1515625 0.1953125
0 0.8890625 0.9828125 0.075 0.034375
3 0.84375 0.8625 0.065625 0.053125