10 0.2140625 0.26875 0.3578125 0.440625
10 0.70234375 0.1 0.2609375 0.2
0 0.69375 0.41953125 0.171875 0.1265625
0 0.80703125 0.384375 0.1640625 0.1125
3 0.6953125 0.23828125 0.075 0.0546875
3 0.846875 0.19609375 0.046875 0.0609375
10 0.2 0.60546875 0.225 0.1828125
0 0.1828125 0.87890625 0.075 0.1046875
0 0.30625 0.87734375 0.09375 0.1078125
3 0.10859375 0.728125 0.0546875 0.05
3 0.3265625 0.7203125 0.059375 0.05625
8 0.634375 0.7140625 0.23125 0.428125
10 0.60703125 0.57109375 0.1765625 0.1421875
0 0.58359375 0.86015625 0.1296875 0.1203125
0 0.6515625 0.821875 0.15 0.109375