8 0.21875 0.259375 0.13125 0.51875
8 0.36640625 0.303125 0.1546875 0.5
8 0.53359375 0.184375 0.0515625 0.36875
8 0.3515625 0.0296875 0.096875 0.059375
8 0.1921875 0.05546875 0.103125 0.1109375
0 0.5890625 0.2828125 0.059375 0.115625
10 0.23828125 0.6796875 0.2328125 0.2
0 0.16953125 0.953125 0.0890625 0.09375
0 0.3125 0.95234375 0.090625 0.0953125
3 0.121875 0.80234375 0.0625 0.0453125
3 0.365625 0.7953125 0.053125 0.05625
8 0.61171875 0.7796875 0.1046875 0.440625
3 0.62109375 0.8171875 0.065625 0.0671875