10 0.03984375 0.50234375 0.0796875 0.5140625
8 0.04296875 0.3796875 0.0859375 0.759375
10 0.559375 0.19453125 0.253125 0.2109375
0 0.4921875 0.51015625 0.096875 0.1359375
0 0.64375 0.5 0.121875 0.125
5 0.55 0.0109375 0.134375 0.021875
2 0.56328125 0.0328125 0.1109375 0.028125
3 0.44609375 0.33203125 0.0734375 0.0578125
3 0.7 0.31484375 0.05 0.0640625
3 0.05078125 0.8796875 0.1015625 0.240625
3 0.271875 0.8796875 0.134375 0.240625
0 0.5953125 0.9046875 0.15 0.1375
0 0.7078125 0.8734375 0.171875 0.109375