10 0.34609375 0.3359375 0.3078125 0.246875
5 0.3484375 0.02734375 0.165625 0.0546875
10 0.6125 0.0640625 0.225 0.128125
0 0.5859375 0.34765625 0.171875 0.1265625
0 0.69921875 0.3125 0.1640625 0.1125
3 0.5875 0.16640625 0.075 0.0546875
3 0.7390625 0.12421875 0.046875 0.0609375
10 0.32109375 0.846875 0.3578125 0.30625
10 0.09140625 0.8859375 0.1828125 0.228125
8 0.66484375 0.68984375 0.3296875 0.4609375
10 0.6703125 0.55 0.253125 0.18125
0 0.6078125 0.85078125 0.121875 0.13125
0 0.7546875 0.8296875 0.1171875 0.115625