10 0.25859375 0.4875 0.3234375 0.203125
5 0.22578125 0.103125 0.1578125 0.190625
8 0.2515625 0.3 0.409375 0.578125
10 0.96875 0.3421875 0.0625 0.240625
5 0.98125 0.11875 0.0375 0.06875
3 0.94140625 0.46640625 0.0578125 0.0609375
2 0.984375 0.1640625 0.03125 0.025
3 0.109375 0.88125 0.21875 0.2375
10 0.8484375 0.64453125 0.190625 0.1109375
0 0.88984375 0.8703125 0.0671875 0.096875
0 0.77265625 0.86875 0.0703125 0.096875
3 0.7390625 0.72421875 0.046875 0.0390625
3 0.95078125 0.7234375 0.0515625 0.046875