10 0.36640625 0.31640625 0.2859375 0.1859375
5 0.36171875 0.02265625 0.1609375 0.0453125
8 0.3484375 0.2046875 0.321875 0.409375
10 0.77734375 0.13046875 0.2359375 0.2078125
0 0.71953125 0.38828125 0.0703125 0.0421875
0 0.8578125 0.384375 0.103125 0.05
3 0.66953125 0.26171875 0.0671875 0.0578125
3 0.90859375 0.2484375 0.0484375 0.059375
10 0.315625 0.44609375 0.221875 0.0734375
0 0.296875 0.6640625 0.078125 0.1125
0 0.42578125 0.66328125 0.0921875 0.1046875
3 0.22578125 0.5125 0.0546875 0.05625
3 0.44375 0.50546875 0.053125 0.0546875
10 0.5609375 0.478125 0.103125 0.1375
0 0.5875 0.73359375 0.11875 0.1140625
3 0.6328125 0.5640625 0.053125 0.059375