10 0.18828125 0.23515625 0.3203125 0.2078125
10 0.5140625 0.06015625 0.228125 0.1203125
0 0.44375 0.29296875 0.0875 0.0921875
0 0.5859375 0.2921875 0.090625 0.09375
3 0.41328125 0.14296875 0.0265625 0.0453125
3 0.6390625 0.1359375 0.053125 0.05625
3 0.265625 0.76640625 0.26875 0.4671875
5 0.61953125 0.49140625 0.1828125 0.0875
10 0.65546875 0.67890625 0.15 0.2328125
8 0.6203125 0.71953125 0.303125 0.5609375
3 0.61015625 0.83203125 0.084375 0.0734375
3 0.74453125 0.7890625 0.0546875 0.0671875
0 0.7 0.9875 0.165625 0.025
7 0.6609375 0.54140625 0.078125 0.040625