10 0.4171875 0.45 0.325 0.259375
5 0.39296875 0.07109375 0.1609375 0.1421875
8 0.39921875 0.28984375 0.3609375 0.5796875
10 0.94921875 0.21875 0.1015625 0.209375
0 0.9484375 0.525 0.096875 0.109375
5 0.9671875 0.0265625 0.065625 0.053125
2 0.9796875 0.0609375 0.040625 0.025
3 0.903125 0.36015625 0.06875 0.0546875
3 0.2625 0.78046875 0.50625 0.4015625
10 0.82421875 0.834375 0.2609375 0.21875
5 0.81640625 0.62578125 0.1703125 0.0640625
2 0.86015625 0.6625 0.1015625 0.021875
3 0.8171875 0.97734375 0.075 0.0453125
3 0.96875 0.9390625 0.040625 0.0625