8 0.5921875 0.184375 0.246875 0.36875
3 0.4921875 0.021875 0.046875 0.04375
3 0.69375 0.00859375 0.059375 0.0171875
0 0.51953125 0.23125 0.1015625 0.065625
0 0.63515625 0.20859375 0.1515625 0.0640625
10 0.2734375 0.59296875 0.203125 0.1734375
0 0.26484375 0.84453125 0.075 0.0953125
0 0.37890625 0.84140625 0.0921875 0.0953125
5 0.246875 0.43671875 0.109375 0.05
8 0.27890625 0.65234375 0.3 0.484375
10 0.775 0.46953125 0.253125 0.1203125
0 0.7078125 0.73984375 0.096875 0.1359375
0 0.859375 0.7296875 0.121875 0.125
3 0.66171875 0.56171875 0.0734375 0.0578125
3 0.915625 0.54453125 0.05 0.0640625