10 0.1296875 0.1734375 0.259375 0.346875
0 0.08984375 0.6734375 0.1796875 0.103125
0 0.1296875 0.375 0.259375 0.75
10 0.72265625 0.20390625 0.2390625 0.2203125
0 0.7078125 0.5265625 0.15 0.1375
0 0.8203125 0.4953125 0.171875 0.109375
5 0.70390625 0.01875 0.1578125 0.0375
2 0.7265625 0.0328125 0.1375 0.03125
3 0.69375 0.3515625 0.08125 0.06875
3 0.86015625 0.31640625 0.0453125 0.0546875
8 0.11640625 0.86953125 0.2328125 0.2390625
0 0.05234375 0.9640625 0.0796875 0.05
3 0.196875 0.7796875 0.0625 0.059375
0 0.17578125 0.9609375 0.0875 0.046875
8 0.61171875 0.875 0.3515625 0.25
0 0.5859375 0.83984375 0.121875 0.0671875
0 0.709375 0.81171875 0.1609375 0.0625