10 0.3203125 0.10703125 0.41875 0.2140625
0 0.1796875 0.525 0.159375 0.1
0 0.3796875 0.540625 0.19375 0.103125
0 0.28671875 0.31484375 0.4859375 0.6296875
8 0.6078125 0.32109375 0.15625 0.6171875
10 0.58828125 0.253125 0.1171875 0.2125
0 0.5671875 0.57421875 0.075 0.1109375
0 0.6140625 0.54375 0.1671875 0.10625
5 0.56953125 0.04921875 0.0796875 0.0640625
10 0.296875 0.809375 0.103125 0.265625
10 0.81640625 0.7671875 0.2609375 0.21875
3 0.809375 0.91640625 0.075 0.0578125
3 0.9609375 0.871875 0.040625 0.0625