10 0.48671875 0.2296875 0.2046875 0.459375
10 0.021875 0.17421875 0.04375 0.3484375
10 0.27265625 0.2296875 0.2984375 0.459375
10 0.0640625 0.20625 0.128125 0.4125
10 0.14375 0.2296875 0.1375 0.459375
3 0.77578125 0.30234375 0.3734375 0.3140625
10 0.36953125 0.4984375 0.1890625 0.078125
0 0.325 0.70546875 0.071875 0.0953125
0 0.440625 0.70625 0.08125 0.103125
3 0.27421875 0.5609375 0.0515625 0.046875
3 0.4765625 0.55703125 0.053125 0.0515625
10 0.66015625 0.53125 0.1421875 0.14375
8 0.69296875 0.64140625 0.2078125 0.3640625
0 0.615625 0.79921875 0.053125 0.0484375
3 0.75234375 0.61875 0.0609375 0.0578125
0 0.7296875 0.79296875 0.0875 0.0578125