10 0.2546875 0.34609375 0.309375 0.6265625
10 0.06875 0.3921875 0.1375 0.534375
9 0.76484375 0.3078125 0.3484375 0.615625
11 0.73984375 0.18359375 0.246875 0.240625
6 0.734375 0.0109375 0.171875 0.021875
4 0.62109375 0.315625 0.0734375 0.08125
4 0.8671875 0.3328125 0.109375 0.084375
1 0.71328125 0.534375 0.1296875 0.08125
1 0.85078125 0.5546875 0.109375 0.08125
7 0.71796875 0.04609375 0.090625 0.0375
10 0.909375 0.89296875 0.18125 0.2140625
8 0.86875 0.8296875 0.2625 0.340625
5 0.90859375 0.71328125 0.171875 0.0859375
7 0.93125 0.76953125 0.0890625 0.0375