10 0.7359375 0.20625 0.215625 0.175
0 0.7234375 0.4671875 0.084375 0.09375
0 0.8375 0.46484375 0.084375 0.0984375
5 0.709375 0.04921875 0.11875 0.0515625
2 0.7109375 0.07734375 0.09375 0.0171875
3 0.6546875 0.32890625 0.0625 0.0640625
3 0.8609375 0.3125 0.05625 0.05625
3 0.25390625 0.7671875 0.3828125 0.175
10 0.7578125 0.72890625 0.234375 0.0984375
0 0.6875 0.95234375 0.071875 0.0953125
0 0.8296875 0.95546875 0.1 0.0890625
3 0.63828125 0.80234375 0.0609375 0.0515625
3 0.88125 0.79609375 0.05 0.0578125