10 0.2546875 0.41953125 0.509375 0.2984375
10 0.88984375 0.284375 0.2203125 0.209375
0 0.8296875 0.55234375 0.096875 0.0328125
0 0.9578125 0.55078125 0.084375 0.0359375
5 0.88828125 0.08671875 0.1453125 0.0640625
2 0.89765625 0.1265625 0.1140625 0.025
3 0.784375 0.42578125 0.06875 0.0546875
3 0.18046875 0.84296875 0.3609375 0.3140625
10 0.66796875 0.77578125 0.234375 0.2296875
3 0.553125 0.91796875 0.0859375 0.078125
5 0.65234375 0.5984375 0.1609375 0.059375
8 0.67421875 0.784375 0.3296875 0.43125
3 0.80546875 0.90078125 0.0640625 0.0734375
7 0.67265625 0.6453125 0.0984375 0.03125