10 0.21484375 0.21640625 0.4296875 0.3046875
10 0.734375 0.18125 0.1625 0.2328125
5 0.69921875 0.01484375 0.1859375 0.0296875
8 0.71796875 0.184375 0.3140625 0.36875
3 0.69453125 0.334375 0.0890625 0.06875
3 0.840625 0.29609375 0.0546875 0.065625
7 0.74453125 0.04765625 0.0875 0.0390625
0 0.08125 0.55625 0.08125 0.103125
3 0.1171875 0.4078125 0.053125 0.053125
10 0.8875 0.60234375 0.225 0.2515625
0 0.94609375 0.95859375 0.1078125 0.0828125
0 0.865625 0.93515625 0.18125 0.1296875
5 0.8953125 0.390625 0.196875 0.04375
2 0.8578125 0.4140625 0.125 0.028125
2 0.77734375 0.73828125 0.0546875 0.0671875