10 0.103125 0.32578125 0.20625 0.3296875
0 0.13984375 0.7171875 0.2109375 0.103125
0 0.08515625 0.74296875 0.1703125 0.0515625
5 0.0875 0.0390625 0.175 0.078125
8 0.13828125 0.384375 0.2765625 0.76875
5 0.75078125 0.03515625 0.1921875 0.0703125
10 0.7640625 0.23515625 0.2484375 0.246875
8 0.765625 0.328125 0.3 0.65625
3 0.8 0.40234375 0.078125 0.0625
0 0.7796875 0.61875 0.184375 0.0671875
0 0.85 0.57421875 0.1421875 0.0546875
7 0.81171875 0.08515625 0.06875 0.040625
10 0.19609375 0.86875 0.1765625 0.2
8 0.175 0.884375 0.35 0.23125
10 0.825 0.884375 0.3 0.23125
8 0.784375 0.884375 0.43125 0.23125