10 0.12578125 0.178125 0.2109375 0.1875
0 0.10078125 0.4796875 0.0953125 0.11875
0 0.14375 0.42734375 0.059375 0.0921875
5 0.11640625 0.01953125 0.1328125 0.0390625
3 0.015625 0.303125 0.03125 0.046875
3 0.2984375 0.27890625 0.05 0.0578125
2 0.121875 0.040625 0.121875 0.015625
10 0.640625 0.28046875 0.203125 0.3203125
5 0.62421875 0.02109375 0.1703125 0.0421875
8 0.703125 0.26953125 0.328125 0.5390625
10 0.44453125 0.83046875 0.1890625 0.2078125
5 0.4734375 0.6453125 0.13125 0.06875
8 0.41171875 0.80625 0.2546875 0.3875
3 0.971875 0.846875 0.05625 0.0625
0 0.98359375 0.98125 0.0328125 0.0375