10 0.10703125 0.059375 0.2140625 0.11875
0 0.16796875 0.32734375 0.0890625 0.1265625
0 0.03359375 0.321875 0.0671875 0.121875
3 0.20703125 0.14375 0.0609375 0.0625
10 0.17578125 0.5359375 0.2953125 0.153125
0 0.2109375 0.8703125 0.153125 0.146875
0 0.11328125 0.82421875 0.1640625 0.1203125
3 0.03359375 0.615625 0.0578125 0.071875
3 0.203125 0.65 0.090625 0.075
8 0.61796875 0.70859375 0.3171875 0.4984375
10 0.6171875 0.571875 0.253125 0.2125
0 0.5546875 0.88828125 0.121875 0.13125
0 0.7015625 0.8671875 0.1171875 0.115625