8 0.12265625 0.24453125 0.2453125 0.4890625
10 0.1109375 0.09453125 0.221875 0.1890625
0 0.1 0.421875 0.2 0.134375
0 0.159375 0.3796875 0.13125 0.10625
10 0.68671875 0.21015625 0.1859375 0.1671875
0 0.6 0.4375 0.05625 0.08125
0 0.72734375 0.47109375 0.0828125 0.1109375
5 0.69921875 0.07265625 0.1203125 0.0640625
3 0.58203125 0.321875 0.0546875 0.05
3 0.7875 0.315625 0.04375 0.046875
2 0.71328125 0.1078125 0.0703125 0.0125
10 0.34921875 0.70234375 0.1171875 0.1359375
0 0.29140625 0.9109375 0.0890625 0.078125
0 0.39609375 0.91328125 0.1109375 0.0734375
5 0.35390625 0.5703125 0.1015625 0.04375
3 0.28671875 0.784375 0.0328125 0.0375
3 0.39921875 0.79921875 0.0546875 0.0515625
2 0.34453125 0.59765625 0.0828125 0.0109375
10 0.565625 0.63828125 0.13125 0.1984375
0 0.55625 0.9515625 0.1125 0.096875
0 0.5796875 0.92578125 0.128125 0.1140625
3 0.5359375 0.7921875 0.071875 0.0625