10 0.2734375 0.31796875 0.265625 0.2453125
0 0.2171875 0.59453125 0.153125 0.0296875
5 0.259375 0.1015625 0.184375 0.071875
3 0.35 0.48046875 0.09375 0.0765625
3 0.14609375 0.4484375 0.0734375 0.071875
2 0.23359375 0.146875 0.1234375 0.03125
3 0.75390625 0.165625 0.4296875 0.33125
3 0.7171875 0.51015625 0.35625 0.1984375
0 0.078125 0.63515625 0.075 0.0515625
0 0.19921875 0.63359375 0.0859375 0.0484375
8 0.86796875 0.8046875 0.2640625 0.390625
10 0.8765625 0.67265625 0.246875 0.1265625
0 0.86796875 0.9375 0.1140625 0.125
0 0.95 0.915625 0.1 0.115625