10 0.2046875 0.11953125 0.278125 0.2390625
0 0.125 0.4421875 0.109375 0.09375
0 0.2921875 0.4484375 0.096875 0.08125
3 0.06875 0.2703125 0.084375 0.075
3 0.35234375 0.26796875 0.0734375 0.0734375
2 0.68203125 0.0453125 0.3453125 0.090625
7 0.66953125 0.23515625 0.3 0.3609375
8 0.7546875 0.24453125 0.490625 0.4890625
10 0.0515625 0.72890625 0.103125 0.1515625
5 0.034375 0.60625 0.06875 0.05625
8 0.07578125 0.78671875 0.1515625 0.4265625
0 0.015625 0.96796875 0.03125 0.0421875
0 0.08828125 0.978125 0.09375 0.040625
3 0.12265625 0.8171875 0.0375 0.046875
7 0.02890625 0.64140625 0.0578125 0.0265625
10 0.89296875 0.5625 0.2140625 0.146875
0 0.92890625 0.9203125 0.1421875 0.159375
0 0.85234375 0.84140625 0.0609375 0.1234375
8 0.85078125 0.74453125 0.2984375 0.5109375