10 0.1046875 0.1171875 0.209375 0.2125
8 0.1375 0.275 0.275 0.55
7 0.090625 0.00625 0.1 0.0125
3 0.009375 0.25234375 0.01875 0.0640625
3 0.22890625 0.240625 0.0625 0.075
0 0.04375 0.44765625 0.0875 0.0703125
0 0.18125 0.4453125 0.1015625 0.0703125
10 0.77890625 0.4078125 0.2671875 0.25
5 0.7828125 0.17890625 0.178125 0.0765625
2 0.8125 0.22578125 0.13125 0.0234375
3 0.6203125 0.565625 0.084375 0.0625
10 0.05234375 0.74375 0.1046875 0.128125
0 0.0734375 0.95078125 0.0625 0.0859375
0 0.0203125 0.95625 0.040625 0.084375
3 0.13515625 0.8203125 0.0359375 0.05
8 0.66484375 0.78515625 0.3515625 0.2109375
0 0.76171875 0.86015625 0.115625 0.06875
0 0.6515625 0.84609375 0.09375 0.0578125