0 0.28828125 0.18359375 0.0703125 0.1109375
0 0.3421875 0.15703125 0.05625 0.0921875
3 0.2296875 0.02265625 0.053125 0.0453125
10 0.8359375 0.1984375 0.209375 0.1875
5 0.840625 0.03125 0.14375 0.0625
2 0.84921875 0.06015625 0.1203125 0.0171875
3 0.73046875 0.33203125 0.0609375 0.0484375
3 0.97734375 0.303125 0.0359375 0.05625
10 0.2953125 0.62421875 0.2203125 0.2359375
0 0.2484375 0.96484375 0.159375 0.0703125
0 0.309375 0.94453125 0.103125 0.1109375
5 0.28984375 0.41875 0.1671875 0.059375
8 0.2671875 0.69453125 0.325 0.6109375
10 0.67109375 0.57578125 0.1890625 0.1671875
0 0.7078125 0.84140625 0.071875 0.1140625
0 0.5921875 0.80703125 0.059375 0.0765625
5 0.6921875 0.43671875 0.11875 0.0703125
2 0.69375 0.4734375 0.078125 0.015625
3 0.55234375 0.6859375 0.0546875 0.05
3 0.8 0.6828125 0.0375 0.053125