8 0.15234375 0.13828125 0.2453125 0.2765625
0 0.1 0.153125 0.1015625 0.040625
0 0.1796875 0.15 0.0734375 0.0578125
3 0.253125 0.0140625 0.053125 0.028125
10 0.77421875 0.13984375 0.1890625 0.1796875
0 0.74140625 0.41953125 0.071875 0.1078125
0 0.79921875 0.38828125 0.05625 0.0859375
8 0.778125 0.2453125 0.325 0.490625
10 0.2765625 0.68671875 0.2375 0.2546875
0 0.1453125 0.97109375 0.2 0.0578125
3 0.2609375 0.8734375 0.084375 0.0875
8 0.8328125 0.79765625 0.309375 0.4046875
10 0.81015625 0.8515625 0.246875 0.23125
5 0.80546875 0.6421875 0.184375 0.075