8 0.30078125 0.28828125 0.2765625 0.5234375
10 0.30546875 0.278125 0.2609375 0.23125
5 0.29921875 0.0625 0.178125 0.075
10 0.78046875 0.20234375 0.2859375 0.2515625
0 0.70390625 0.521875 0.0890625 0.05625
0 0.86796875 0.5203125 0.1109375 0.059375
2 0.7921875 0.01328125 0.125 0.0265625
3 0.65703125 0.3609375 0.0953125 0.08125
3 0.9359375 0.36015625 0.075 0.0765625
10 0.31171875 0.75625 0.2546875 0.321875
8 0.31328125 0.775 0.2515625 0.45
10 0.87734375 0.7296875 0.2453125 0.246875
8 0.84609375 0.775 0.3078125 0.45