10 0.15859375 0.096875 0.1734375 0.19375
8 0.15234375 0.2046875 0.3046875 0.409375
3 0.10625 0.234375 0.096875 0.0765625
0 0.22421875 0.39921875 0.1796875 0.0203125
3 0.653125 0.1890625 0.246875 0.378125
3 0.12265625 0.62734375 0.2453125 0.4359375
3 0.43203125 0.7921875 0.1953125 0.415625
10 0.74609375 0.45078125 0.1765625 0.0828125
8 0.73515625 0.69375 0.3234375 0.56875
3 0.68046875 0.52109375 0.0953125 0.071875
3 0.86328125 0.4953125 0.0546875 0.065625
0 0.7078125 0.73984375 0.1453125 0.0671875
0 0.81171875 0.70078125 0.178125 0.0609375