10 0.4515625 0.1265625 0.05625 0.1875
8 0.41875 0.209375 0.121875 0.41875
3 0.39921875 0.2328125 0.059375 0.0625
0 0.43203125 0.39453125 0.0796875 0.0484375
10 0.88515625 0.0734375 0.2296875 0.146875
0 0.90234375 0.37734375 0.1703125 0.0828125
0 0.83125 0.35625 0.171875 0.121875
8 0.85703125 0.209375 0.2859375 0.41875
8 0.3359375 0.71796875 0.2875 0.5640625
10 0.33515625 0.6875 0.2609375 0.23125
0 0.34375 0.984375 0.2 0.03125
0 0.403125 0.9703125 0.13125 0.059375
5 0.32890625 0.471875 0.178125 0.075
10 0.56953125 0.8390625 0.1796875 0.215625
5 0.559375 0.640625 0.146875 0.071875
2 0.56015625 0.6828125 0.0984375 0.025
3 0.70234375 0.965625 0.0421875 0.06875