10 0.1875 0.15390625 0.15 0.1359375
0 0.23984375 0.3671875 0.0609375 0.084375
0 0.13671875 0.340625 0.0609375 0.0625
5 0.19296875 0.03125 0.1109375 0.04375
2 0.1671875 0.0546875 0.059375 0.01875
3 0.0859375 0.2328125 0.03125 0.04375
3 0.2796875 0.23984375 0.040625 0.0390625
10 0.92578125 0.1078125 0.1484375 0.215625
0 0.95 0.4453125 0.1 0.13125
3 0.98359375 0.26328125 0.0328125 0.0578125
0 0.465625 0.7796875 0.096875 0.05625
0 0.35 0.73046875 0.071875 0.0578125
8 0.73828125 0.78046875 0.3484375 0.1609375
0 0.66328125 0.8375 0.0796875 0.059375
0 0.765625 0.815625 0.1109375 0.046875