5 0.259375 0.16796875 0.0890625 0.0453125
10 0.25 0.2625 0.1203125 0.115625
8 0.24921875 0.30546875 0.1890625 0.3328125
3 0.19375 0.334375 0.0375 0.04375
10 0.6765625 0.30703125 0.15625 0.1390625
0 0.70390625 0.5171875 0.0703125 0.078125
0 0.6109375 0.515625 0.053125 0.075
5 0.678125 0.18203125 0.1 0.0328125
2 0.67890625 0.203125 0.0765625 0.0125
3 0.58359375 0.396875 0.0484375 0.040625
3 0.7703125 0.39375 0.0375 0.04375
0 0.4359375 0.88671875 0.0875 0.1640625
3 0.33828125 0.68046875 0.0890625 0.0234375
10 0.5890625 0.7375 0.175 0.1375
0 0.571875 0.95625 0.075 0.0875
0 0.61328125 0.93671875 0.0453125 0.0703125
3 0.5015625 0.83359375 0.04375 0.0546875
3 0.70390625 0.81953125 0.0421875 0.0515625