10 0.4203125 0.3234375 0.234375 0.259375
5 0.3984375 0.09140625 0.2078125 0.0765625
8 0.40859375 0.32265625 0.3921875 0.5328125
7 0.36015625 0.16796875 0.0796875 0.0390625
2 0.90234375 0.33203125 0.1953125 0.2140625
5 0.88515625 0.11015625 0.2296875 0.2203125
7 0.90859375 0.49609375 0.1828125 0.1859375
8 0.8546875 0.29453125 0.290625 0.5890625
10 0.5609375 0.71796875 0.25625 0.2578125
0 0.5359375 0.98828125 0.165625 0.0234375
3 0.42578125 0.86796875 0.0921875 0.0765625
10 0.7578125 0.85390625 0.096875 0.2546875
5 0.7453125 0.621875 0.071875 0.065625
2 0.74609375 0.665625 0.0734375 0.021875
3 0.91484375 0.975 0.0703125 0.05