10 0.18359375 0.03359375 0.1421875 0.0671875
0 0.1625 0.19609375 0.0625 0.0703125
0 0.26015625 0.20078125 0.0671875 0.0671875
3 0.09296875 0.0796875 0.0328125 0.040625
3 0.2765625 0.0828125 0.0375 0.04375
10 0.58515625 0.18828125 0.2640625 0.2171875
5 0.5828125 0.01171875 0.153125 0.0234375
2 0.590625 0.02265625 0.115625 0.0234375
3 0.4625 0.334375 0.078125 0.065625
10 0.103125 0.66640625 0.20625 0.2671875
0 0.1015625 0.9828125 0.203125 0.034375
5 0.09296875 0.4375 0.1859375 0.05625
8 0.1359375 0.7046875 0.271875 0.590625
10 0.8171875 0.65859375 0.1421875 0.1203125
0 0.7859375 0.84609375 0.059375 0.0703125
0 0.84296875 0.83046875 0.0609375 0.0671875
5 0.80703125 0.55546875 0.0953125 0.0484375
8 0.8171875 0.71015625 0.2203125 0.353125