5 0.18359375 0.09609375 0.1796875 0.0875
10 0.21640625 0.28515625 0.153125 0.23125
8 0.1890625 0.33828125 0.29375 0.5828125
3 0.1875 0.43203125 0.084375 0.06875
7 0.2375 0.1484375 0.0734375 0.04375
0 0.26328125 0.603125 0.1484375 0.053125
0 0.17421875 0.62109375 0.1890625 0.0171875
10 0.81875 0.2671875 0.25625 0.221875
0 0.7625 0.57734375 0.11875 0.1046875
0 0.8984375 0.56953125 0.140625 0.1203125
5 0.79921875 0.065625 0.1515625 0.071875
2 0.82578125 0.10546875 0.1109375 0.0234375
3 0.734375 0.41484375 0.071875 0.0515625
3 0.95703125 0.3859375 0.0453125 0.0625
3 0.121875 0.81484375 0.24375 0.3703125
3 0.471875 0.79765625 0.184375 0.3359375
3 0.8953125 0.84921875 0.209375 0.3015625