10 0.2625 0.25703125 0.1875 0.1640625
5 0.26015625 0.1203125 0.11875 0.0640625
8 0.25859375 0.2109375 0.3078125 0.25625
7 0.25859375 0.16328125 0.0671875 0.0265625
10 0.83046875 0.22421875 0.2421875 0.2078125
5 0.8390625 0.03984375 0.14375 0.06875
8 0.821875 0.17265625 0.35625 0.3328125
10 0.0859375 0.6390625 0.153125 0.121875
0 0.059375 0.82265625 0.0609375 0.0734375
0 0.13203125 0.82578125 0.0609375 0.0765625
5 0.08515625 0.5375 0.1015625 0.05625
8 0.09453125 0.69375 0.1890625 0.378125
10 0.80859375 0.5359375 0.1984375 0.2
8 0.80078125 0.6171875 0.3328125 0.55625
5 0.8078125 0.371875 0.15625 0.065625
0 0.7828125 0.8625 0.0859375 0.0625
0 0.840625 0.79453125 0.0984375 0.075
3 0.69296875 0.665625 0.0671875 0.0625
3 0.95078125 0.6375 0.05 0.0640625
7 0.834375 0.41875 0.06875 0.03125