10 0.259375 0.1078125 0.246875 0.215625
0 0.2640625 0.45 0.19375 0.1375
0 0.3390625 0.40703125 0.153125 0.1078125
3 0.28984375 0.26484375 0.0703125 0.0578125
10 0.60546875 0.25078125 0.2109375 0.1890625
0 0.5625 0.52109375 0.075 0.0578125
0 0.6328125 0.5 0.071875 0.1
5 0.61640625 0.08515625 0.1328125 0.0640625
3 0.4921875 0.36796875 0.025 0.0578125
3 0.7640625 0.36875 0.05 0.065625
2 0.61640625 0.12265625 0.0984375 0.0171875
10 0.1390625 0.590625 0.15625 0.08125
8 0.1421875 0.709375 0.259375 0.31875
0 0.10625 0.79296875 0.078125 0.0484375
0 0.2109375 0.80546875 0.11875 0.0515625
3 0.0703125 0.65078125 0.0671875 0.040625
3 0.24375 0.64296875 0.05 0.04375
10 0.80703125 0.73984375 0.2640625 0.2171875
0 0.7203125 0.98671875 0.084375 0.0265625
5 0.8046875 0.5625 0.153125 0.025
2 0.8125 0.57421875 0.115625 0.0234375
3 0.684375 0.8859375 0.078125 0.065625