10 0.425 0.2234375 0.109375 0.228125
5 0.42578125 0.0390625 0.1078125 0.078125
8 0.3875 0.3 0.184375 0.6
3 0.390625 0.371875 0.0921875 0.071875
0 0.42734375 0.58125 0.1046875 0.0375
7 0.45703125 0.09375 0.0453125 0.046875
10 0.6234375 0.12109375 0.203125 0.1734375
0 0.615625 0.37265625 0.075 0.0953125
0 0.72890625 0.36953125 0.0921875 0.0953125
3 0.74609375 0.22265625 0.0484375 0.0546875
3 0.54296875 0.234375 0.0515625 0.046875
2 0.59609375 0.00234375 0.0953125 0.0046875
0 0.409375 0.68125 0.103125 0.128125
0 0.5828125 0.7640625 0.08125 0.0453125