10 0.43046875 0.32265625 0.2640625 0.2171875
5 0.428125 0.12109375 0.153125 0.0734375
2 0.42890625 0.159375 0.1359375 0.01875
3 0.30546875 0.47265625 0.0796875 0.0609375
3 0.5515625 0.4421875 0.034375 0.053125
0 0.98671875 0.48046875 0.0265625 0.1171875
8 0.94140625 0.26953125 0.1171875 0.5390625
10 0.46953125 0.57578125 0.1609375 0.0734375
8 0.484375 0.684375 0.2875 0.290625
0 0.41171875 0.77734375 0.0796875 0.05625
0 0.5109375 0.78046875 0.1234375 0.0625
3 0.37109375 0.62890625 0.05625 0.05
3 0.6109375 0.62734375 0.0546875 0.0640625