10 0.06875 0.28828125 0.1375 0.2671875
0 0.0671875 0.63359375 0.134375 0.0921875
5 0.059375 0.0515625 0.11875 0.075
2 0.01328125 0.09375 0.0265625 0.028125
10 0.60546875 0.08671875 0.1890625 0.1734375
0 0.5734375 0.36328125 0.071875 0.1078125
0 0.63125 0.33203125 0.05625 0.0859375
3 0.49140625 0.1984375 0.0546875 0.053125
3 0.73203125 0.18515625 0.0421875 0.0546875
10 0.09609375 0.71875 0.1921875 0.078125
0 0.03671875 0.94921875 0.0734375 0.1015625
0 0.10625 0.92109375 0.071875 0.1015625
3 0.24296875 0.77421875 0.0453125 0.0640625
10 0.77890625 0.71640625 0.1328125 0.0734375
0 0.7421875 0.88046875 0.05625 0.0671875
0 0.81484375 0.87265625 0.0609375 0.0640625
3 0.69453125 0.76875 0.0265625 0.040625
3 0.88046875 0.76484375 0.0359375 0.0390625