10 0.2046875 0.22734375 0.134375 0.1359375
0 0.20703125 0.42109375 0.0671875 0.0765625
0 0.140625 0.4203125 0.05 0.071875
5 0.2203125 0.1078125 0.084375 0.0375
3 0.12734375 0.30234375 0.0390625 0.0359375
3 0.290625 0.309375 0.03125 0.0375
2 0.22421875 0.128125 0.0640625 0.01875
10 0.79375 0.16796875 0.15625 0.1390625
0 0.82109375 0.378125 0.0703125 0.078125
0 0.728125 0.3765625 0.053125 0.075
5 0.7953125 0.04296875 0.1 0.0328125
2 0.79609375 0.0640625 0.0765625 0.0125
3 0.70078125 0.2578125 0.0484375 0.040625
3 0.8875 0.2546875 0.0375 0.04375
10 0.08125 0.76953125 0.1203125 0.1078125
0 0.05078125 0.92578125 0.046875 0.0609375
0 0.11796875 0.93046875 0.059375 0.0640625
8 0.0921875 0.82734375 0.184375 0.2765625
10 0.88828125 0.721875 0.1171875 0.065625
0 0.83046875 0.8953125 0.0890625 0.078125
0 0.93515625 0.89765625 0.1109375 0.0734375
3 0.93671875 0.78515625 0.0609375 0.0484375
3 0.8234375 0.76796875 0.03125 0.0453125