0 0.0625 0.30703125 0.125 0.0859375
0 0.02265625 0.27265625 0.0453125 0.1203125
8 0.09296875 0.175 0.1859375 0.35
0 0.67890625 0.23359375 0.1859375 0.1140625
0 0.65625 0.18359375 0.165625 0.1015625
3 0.54609375 0.03125 0.0921875 0.0625
10 0.3484375 0.603125 0.1625 0.28125
0 0.321875 0.94765625 0.175 0.1046875
5 0.3609375 0.36953125 0.1375 0.0390625
8 0.32578125 0.675 0.2078125 0.65
10 0.84765625 0.5046875 0.246875 0.2625
0 0.67421875 0.82734375 0.228125 0.1234375
0 0.9078125 0.86328125 0.184375 0.1203125
8 0.7765625 0.64765625 0.446875 0.5953125