10 0.06015625 0.31640625 0.1203125 0.2140625
5 0.03203125 0.1359375 0.0640625 0.075
8 0.09296875 0.3296875 0.1859375 0.440625
7 0.0234375 0.190625 0.046875 0.04375
3 0.140625 0.4375 0.06875 0.0640625
10 0.93125 0.08671875 0.1375 0.1734375
0 0.921875 0.4046875 0.109375 0.15
3 0.865625 0.2046875 0.084375 0.075
10 0.1859375 0.62265625 0.2 0.1453125
8 0.184375 0.734375 0.328125 0.36875
3 0.06171875 0.7078125 0.059375 0.0625
0 0.21953125 0.890625 0.1078125 0.0546875
0 0.0953125 0.875 0.0796875 0.059375
5 0.63125 0.571875 0.084375 0.04375
10 0.64921875 0.778125 0.1609375 0.221875
8 0.7609375 0.775 0.384375 0.45