10 0.4203125 0.3171875 0.196875 0.271875
5 0.44296875 0.06328125 0.1515625 0.0890625
8 0.39609375 0.29765625 0.2453125 0.5828125
5 0.78828125 0.0828125 0.1984375 0.096875
10 0.796875 0.2921875 0.24375 0.2421875
3 0.8234375 0.45 0.0828125 0.06875
8 0.79453125 0.31015625 0.3109375 0.5578125
7 0.8453125 0.14375 0.0734375 0.04375
10 0.2984375 0.8578125 0.246875 0.23125
5 0.29375 0.6484375 0.184375 0.075
2 0.325 0.6859375 0.11875 0.025
10 0.6703125 0.90078125 0.2109375 0.1890625
5 0.67421875 0.7296875 0.1328125 0.0609375
8 0.68515625 0.8484375 0.3328125 0.303125