0 0.1875 0.10546875 0.05625 0.0671875
0 0.26015625 0.09765625 0.0609375 0.0640625
3 0.13984375 0.00703125 0.0265625 0.0140625
3 0.32578125 0.0046875 0.0359375 0.009375
10 0.6671875 0.0171875 0.16875 0.034375
0 0.64375 0.18203125 0.078125 0.0890625
0 0.721875 0.17109375 0.053125 0.0703125
3 0.5625 0.0515625 0.040625 0.04375
3 0.78203125 0.0453125 0.0578125 0.053125
0 0.03359375 0.59921875 0.0671875 0.0828125
0 0.109375 0.5890625 0.059375 0.075
10 0.87421875 0.58828125 0.2515625 0.0765625
0 0.90546875 0.91484375 0.1703125 0.1671875
0 0.81484375 0.83203125 0.0609375 0.1234375
3 0.73828125 0.6671875 0.0890625 0.06875