8 0.290625 0.253125 0.35 0.50625
3 0.2234375 0.075 0.0890625 0.0671875
0 0.2640625 0.3015625 0.121875 0.065625
0 0.38828125 0.2765625 0.153125 0.0625
3 0.44609375 0.05703125 0.059375 0.071875
10 0.74765625 0.253125 0.2453125 0.2125
0 0.74296875 0.5390625 0.1671875 0.040625
0 0.83671875 0.525 0.1671875 0.06875
5 0.75 0.04921875 0.1625 0.0640625
2 0.78125 0.090625 0.11875 0.028125
3 0.7515625 0.4046875 0.071875 0.053125
3 0.88203125 0.36484375 0.0421875 0.0609375
0 0.2625 0.66953125 0.090625 0.0953125
0 0.1453125 0.675 0.071875 0.096875
8 0.1640625 0.64453125 0.31875 0.1703125
0 0.78984375 0.596875 0.090625 0.05
0 0.9171875 0.5953125 0.0859375 0.0484375