10 0.51171875 0.0890625 0.2765625 0.178125
0 0.55625 0.40078125 0.153125 0.0765625
0 0.4578125 0.38359375 0.165625 0.1109375
3 0.55078125 0.2203125 0.0984375 0.0875
3 0.371875 0.1890625 0.065625 0.075
3 0.8390625 0.08984375 0.321875 0.1796875
10 0.5109375 0.6640625 0.1984375 0.1890625
8 0.5 0.72734375 0.3 0.5078125
5 0.5 0.515625 0.1265625 0.06875
0 0.44609375 0.95703125 0.0796875 0.05
3 0.61875 0.77578125 0.0625 0.0609375
3 0.40625 0.7796875 0.0578125 0.053125
7 0.50625 0.56328125 0.0703125 0.03125
0 0.56640625 0.9546875 0.0875 0.0546875
3 0.825 0.5625 0.35 0.246875
3 0.825 0.93671875 0.35 0.1265625