10 0.371875 0.0578125 0.203125 0.115625
8 0.37109375 0.1671875 0.3078125 0.334375
3 0.48359375 0.1328125 0.0671875 0.0671875
3 0.27421875 0.1359375 0.0609375 0.0546875
0 0.3375 0.30859375 0.0921875 0.04375
0 0.45625 0.3125 0.0953125 0.05
3 0.82421875 0.034375 0.0859375 0.06875
8 0.86875 0.13984375 0.2625 0.2796875
0 0.87421875 0.2515625 0.096875 0.0640625
8 0.44921875 0.75859375 0.2984375 0.4828125
10 0.4375 0.7578125 0.2453125 0.2125
5 0.440625 0.55390625 0.1625 0.0640625
10 0.86796875 0.79765625 0.2640625 0.4046875
10 0.71328125 0.83671875 0.1265625 0.3265625