10 0.3515625 0.01796875 0.15 0.0359375
0 0.4265625 0.184375 0.10625 0.078125
0 0.30078125 0.165625 0.0609375 0.075
3 0.45078125 0.04140625 0.0328125 0.0453125
3 0.28046875 0.05234375 0.0484375 0.0390625
10 0.5921875 0.25859375 0.184375 0.2171875
5 0.58515625 0.05859375 0.146875 0.071875
8 0.64375 0.275 0.2875 0.509375
0 0.065625 0.80390625 0.13125 0.1390625
0 0.20625 0.834375 0.1 0.153125
8 0.1890625 0.7203125 0.378125 0.38125
10 0.575 0.7484375 0.15 0.140625
0 0.5421875 0.95859375 0.05625 0.0828125
0 0.58984375 0.94296875 0.0390625 0.0703125
5 0.57421875 0.62109375 0.0890625 0.0328125
2 0.57421875 0.64296875 0.0671875 0.0140625
3 0.68046875 0.82890625 0.0390625 0.0421875