10 0.15625 0.1015625 0.271875 0.203125
0 0.08125 0.4203125 0.1625 0.13125
0 0.2 0.4671875 0.1359375 0.14375
8 0.1796875 0.28125 0.359375 0.5625
10 0.64765625 0.11015625 0.2390625 0.1984375
0 0.6890625 0.37734375 0.10625 0.1109375
0 0.61640625 0.4203125 0.0953125 0.11875
3 0.51796875 0.24921875 0.0671875 0.0578125
3 0.79453125 0.21953125 0.0390625 0.0578125
10 0.59296875 0.72421875 0.2953125 0.1484375
0 0.51953125 0.97890625 0.0921875 0.0421875
0 0.678125 0.98046875 0.10625 0.0390625
8 0.60859375 0.825 0.3984375 0.35