10 0.821875 0.078125 0.15 0.140625
0 0.7890625 0.28828125 0.05625 0.0828125
0 0.83671875 0.27265625 0.0390625 0.0703125
3 0.7125 0.16328125 0.034375 0.0390625
3 0.92890625 0.15859375 0.0328125 0.0390625
10 0.3578125 0.39921875 0.15625 0.1203125
8 0.33515625 0.51796875 0.2078125 0.3578125
0 0.325 0.62109375 0.078125 0.0484375
0 0.4046875 0.63359375 0.06875 0.0515625
3 0.2890625 0.47890625 0.0671875 0.040625
5 0.64921875 0.3484375 0.0484375 0.01875
5 0.490625 0.35546875 0.046875 0.0328125
5 0.7078125 0.3578125 0.0375 0.0375
5 0.57109375 0.35859375 0.0328125 0.0390625
5 0.78125 0.38203125 0.040625 0.0859375
5 0.95625 0.4796875 0.059375 0.0625
10 0.715625 0.48515625 0.0484375 0.1875
10 0.5703125 0.4890625 0.0625 0.1921875
10 0.646875 0.4984375 0.09375 0.253125
10 0.771875 0.51875 0.08125 0.234375
10 0.4890625 0.5390625 0.09375 0.2640625
10 0.94296875 0.66875 0.1078125 0.26875
0 0.86171875 0.865625 0.05 0.0765625
0 0.83359375 0.83984375 0.059375 0.059375
0 0.78671875 0.8046875 0.0515625 0.071875
0 0.46015625 0.8671875 0.0421875 0.075