10 0.43125 0.21796875 0.1875 0.184375
8 0.4234375 0.28671875 0.3125 0.4859375
3 0.3171875 0.328125 0.0640625 0.0625
0 0.4546875 0.5171875 0.0953125 0.0546875
5 0.44765625 0.0734375 0.1328125 0.0671875
0 0.3453125 0.4734375 0.08125 0.0640625
3 0.559375 0.3234375 0.040625 0.05625
7 0.45 0.12109375 0.0640625 0.025
10 0.79921875 0.08671875 0.1859375 0.1734375
0 0.79296875 0.5296875 0.0640625 0.059375
0 0.85390625 0.53125 0.0640625 0.05625
8 0.78984375 0.2796875 0.4203125 0.559375
0 0.2578125 0.58671875 0.053125 0.0546875
0 0.2953125 0.5734375 0.04375 0.028125
10 0.95546875 0.6046875 0.0890625 0.090625
0 0.934375 0.7640625 0.053125 0.065625
0 0.98515625 0.7796875 0.0296875 0.075
3 0.909375 0.6625 0.040625 0.034375