0 0.103125 0.13828125 0.078125 0.0890625
0 0.215625 0.146875 0.090625 0.096875
3 0.06171875 0.0140625 0.0484375 0.028125
3 0.328125 0.0125 0.04375 0.025
5 0.7640625 0.14609375 0.0890625 0.0453125
10 0.7546875 0.240625 0.1203125 0.115625
8 0.75390625 0.28359375 0.1890625 0.3328125
3 0.6984375 0.3125 0.0375 0.04375
10 0.04296875 0.91015625 0.0859375 0.1796875
8 0.10234375 0.828125 0.2046875 0.34375
0 0.71484375 0.84375 0.109375 0.134375
0 0.5640625 0.846875 0.090625 0.134375
8 0.66328125 0.7484375 0.2890625 0.359375