10 0.2984375 0.1578125 0.278125 0.25
8 0.29296875 0.14453125 0.4203125 0.2890625
0 0.93984375 0.2796875 0.0671875 0.01875
8 0.834375 0.14453125 0.33125 0.2890625
10 0.47109375 0.53671875 0.1703125 0.1515625
0 0.525 0.75546875 0.0625 0.0859375
0 0.45859375 0.7609375 0.0671875 0.084375
5 0.465625 0.40078125 0.096875 0.0453125
2 0.47265625 0.42578125 0.0765625 0.0171875
3 0.38515625 0.6375 0.0515625 0.05
3 0.58671875 0.625 0.0359375 0.05
10 0.85 0.69140625 0.271875 0.2546875
0 0.78046875 0.98125 0.0609375 0.0375
5 0.8609375 0.4515625 0.2 0.08125
2 0.89375 0.503125 0.1375 0.021875
3 0.70859375 0.859375 0.0796875 0.06875