10 0.23515625 0.1484375 0.1859375 0.1625
0 0.20625 0.37109375 0.08125 0.0859375
0 0.30859375 0.39609375 0.0828125 0.0984375
5 0.22578125 0.01328125 0.1109375 0.0265625
3 0.09453125 0.24375 0.0390625 0.04375
3 0.3625 0.23984375 0.05625 0.0515625
2 0.2203125 0.0296875 0.09375 0.015625
10 0.71875 0.184375 0.278125 0.25
0 0.64375 0.525 0.1 0.109375
0 0.8 0.52421875 0.103125 0.1109375
8 0.71640625 0.28984375 0.4140625 0.5796875
10 0.0546875 0.91328125 0.109375 0.0984375
5 0.05 0.825 0.0625 0.03125
3 0.13203125 0.965625 0.0265625 0.03125
2 0.05234375 0.8421875 0.0484375 0.0125
10 0.85859375 0.67578125 0.2828125 0.1921875
8 0.84609375 0.78984375 0.3078125 0.4203125