8 0.3296875 0.2546875 0.159375 0.45
10 0.77109375 0.34765625 0.1859375 0.1671875
5 0.78359375 0.21015625 0.1203125 0.0640625
3 0.66640625 0.45703125 0.0546875 0.0453125
3 0.871875 0.453125 0.04375 0.046875
2 0.79765625 0.2453125 0.0703125 0.0125
10 0.12578125 0.60625 0.06875 0.096875
10 0.33984375 0.59453125 0.0515625 0.0859375
10 0.04609375 0.60859375 0.0453125 0.0859375
10 0.3046875 0.58984375 0.078125 0.09375
10 0.18203125 0.590625 0.065625 0.10625
10 0.5625 0.5390625 0.265625 0.11875
0 0.5984375 0.80546875 0.1 0.1328125
0 0.46953125 0.86953125 0.096875 0.1703125
8 0.61484375 0.71796875 0.4109375 0.4765625