5 0.08984375 0.09375 0.13125 0.0703125
10 0.121875 0.2546875 0.2125 0.1953125
8 0.1453125 0.2609375 0.290625 0.415625
3 0.246875 0.36171875 0.065625 0.0671875
3 0.03046875 0.37265625 0.0609375 0.0671875
7 0.09453125 0.140625 0.08125 0.028125
8 0.784375 0.234375 0.290625 0.46875
10 0.77265625 0.2078125 0.2671875 0.2875
3 0.765625 0.38828125 0.1125 0.084375
7 0.6984375 0.040625 0.071875 0.0453125
10 0.1015625 0.68203125 0.203125 0.1828125
0 0.0734375 0.9515625 0.075 0.096875
0 0.196875 0.95 0.09375 0.1
5 0.0625 0.5171875 0.11875 0.053125
2 0.06484375 0.546875 0.0953125 0.028125
3 0.015625 0.803125 0.03125 0.053125
3 0.2140625 0.7921875 0.05625 0.0625
8 0.9484375 0.6671875 0.103125 0.396875
0 0.96015625 0.7578125 0.0796875 0.046875