10 0.23203125 0.21640625 0.2109375 0.1890625
0 0.1890625 0.521875 0.075 0.128125
0 0.259375 0.46796875 0.071875 0.1046875
5 0.24296875 0.05078125 0.1328125 0.0640625
3 0.103125 0.33359375 0.05625 0.0578125
3 0.390625 0.334375 0.05 0.065625
2 0.24296875 0.08828125 0.0984375 0.0171875
10 0.73828125 0.15078125 0.1875 0.178125
5 0.734375 0.01875 0.11875 0.0375
8 0.76328125 0.2890625 0.2484375 0.578125
0 0.69375 0.3921875 0.09375 0.05
0 0.81796875 0.43125 0.1140625 0.065625
3 0.86484375 0.24921875 0.05625 0.0625
7 0.73359375 0.04921875 0.0671875 0.0265625
10 0.1953125 0.7640625 0.109375 0.090625
0 0.2359375 0.90703125 0.05625 0.0578125
0 0.16171875 0.89296875 0.0421875 0.0453125
3 0.15390625 0.81875 0.0265625 0.028125
0 0.971875 0.86796875 0.05625 0.1171875
3 0.9328125 0.72734375 0.06875 0.0171875