10 0.13828125 0.11484375 0.2609375 0.2265625
0 0.1453125 0.4578125 0.178125 0.13125
0 0.22265625 0.4203125 0.1390625 0.109375
3 0.159375 0.27734375 0.065625 0.0640625
10 0.66875 0.12421875 0.271875 0.2484375
0 0.675 0.4875 0.175 0.084375
0 0.59921875 0.45390625 0.1671875 0.1203125
8 0.6625 0.26484375 0.321875 0.5296875
10 0.1328125 0.609375 0.13125 0.121875
0 0.11796875 0.78828125 0.05625 0.0734375
0 0.171875 0.7828125 0.059375 0.0625
8 0.1296875 0.68203125 0.20625 0.3046875
10 0.5109375 0.77890625 0.14375 0.3296875
5 0.4890625 0.9546875 0.1 0.090625
8 0.5703125 0.76484375 0.2625 0.4703125