0 0.01015625 0.1484375 0.0203125 0.084375
0 0.0734375 0.15078125 0.06875 0.0859375
3 0.1390625 0.01875 0.04375 0.0375
10 0.6640625 0.0421875 0.371875 0.084375
0 0.78359375 0.3140625 0.2109375 0.109375
0 0.6984375 0.33984375 0.23125 0.0578125
8 0.68984375 0.184375 0.4609375 0.36875
10 0.3890625 0.484375 0.103125 0.09375
0 0.340625 0.61953125 0.0453125 0.0484375
0 0.4140625 0.6296875 0.053125 0.059375
5 0.3890625 0.39921875 0.065625 0.0296875
8 0.38203125 0.52265625 0.1546875 0.2828125
10 0.9046875 0.52890625 0.190625 0.2953125
0 0.89375 0.93203125 0.128125 0.1359375
8 0.85390625 0.684375 0.2921875 0.63125