10 0.365625 0.22734375 0.20625 0.2078125
0 0.3265625 0.50546875 0.071875 0.0890625
5 0.3921875 0.04375 0.14375 0.06875
2 0.38984375 0.08671875 0.1171875 0.0203125
3 0.2546875 0.375 0.071875 0.06875
10 0.7984375 0.08359375 0.246875 0.1671875
0 0.62578125 0.35859375 0.228125 0.1234375
0 0.8609375 0.39453125 0.1859375 0.1203125
8 0.73984375 0.23828125 0.4703125 0.4765625
10 0.028125 0.6109375 0.05625 0.121875
0 0.028125 0.81484375 0.05625 0.0734375
3 0.06875 0.68671875 0.040625 0.0484375
0 0.77109375 0.55703125 0.0421875 0.0140625