10 0.065625 0.23359375 0.13125 0.1453125
0 0.090625 0.42265625 0.059375 0.0328125
5 0.0578125 0.103125 0.109375 0.04375
3 0.13203125 0.3234375 0.0453125 0.04375
2 0.0296875 0.128125 0.059375 0.015625
10 0.58984375 0.1265625 0.1421875 0.23125
8 0.58984375 0.21953125 0.3015625 0.4390625
10 0.309375 0.5140625 0.18125 0.15
0 0.26484375 0.8140625 0.1203125 0.14375
3 0.321875 0.46484375 0.15625 0.0515625
3 0.353125 0.53046875 0.09375 0.0578125
10 0.7546875 0.57734375 0.3 0.2765625
0 0.853125 0.9390625 0.175 0.121875
0 0.684375 0.94765625 0.1375 0.1046875
8 0.740625 0.71953125 0.484375 0.5609375