10 0.178125 0.26171875 0.1328125 0.1109375
0 0.1859375 0.428125 0.0609375 0.071875
0 0.14140625 0.4359375 0.05 0.06875
5 0.18203125 0.1609375 0.078125 0.034375
8 0.18046875 0.3046875 0.221875 0.3359375
10 0.83671875 0.259375 0.303125 0.278125
0 0.78515625 0.596875 0.1171875 0.084375
0 0.946875 0.6140625 0.10625 0.05
5 0.8265625 0.03046875 0.196875 0.0609375
8 0.8109375 0.31953125 0.378125 0.6390625
0 0.2046875 0.72109375 0.2 0.1140625
0 0.36875 0.7734375 0.18125 0.1125
10 0.93359375 0.684375 0.1328125 0.090625
0 0.95234375 0.95078125 0.0953125 0.0984375