10 0.20625 0.1328125 0.25 0.259375
8 0.203125 0.2 0.35625 0.4
10 0.57578125 0.05703125 0.1890625 0.1140625
0 0.6125 0.29609375 0.071875 0.1140625
0 0.496875 0.26171875 0.059375 0.0765625
8 0.578125 0.1859375 0.31875 0.371875
10 0.09296875 0.4875 0.1296875 0.11875
0 0.14296875 0.6609375 0.059375 0.06875
0 0.0625 0.6484375 0.046875 0.059375
5 0.096875 0.40859375 0.078125 0.0171875
8 0.096875 0.55078125 0.19375 0.3015625
10 0.54609375 0.56015625 0.2546875 0.2546875
0 0.55859375 0.94609375 0.1703125 0.1078125
0 0.46796875 0.89296875 0.0609375 0.1234375
3 0.784375 0.69765625 0.06875 0.0859375