10 0.246875 0.121875 0.146875 0.1375
0 0.1875 0.325 0.046875 0.075
0 0.24921875 0.31796875 0.0640625 0.0734375
5 0.26171875 0.009375 0.0890625 0.01875
3 0.16640625 0.19765625 0.0484375 0.0421875
3 0.3375 0.2046875 0.03125 0.0375
2 0.26171875 0.0234375 0.0765625 0.0125
10 0.70859375 0.2875 0.234375 0.215625
0 0.6328125 0.52421875 0.071875 0.0296875
5 0.72578125 0.0890625 0.146875 0.071875
8 0.7140625 0.29453125 0.3875 0.4890625
10 0.35390625 0.6484375 0.1296875 0.134375
5 0.35546875 0.55234375 0.1046875 0.0265625
8 0.33125 0.709375 0.175 0.340625
0 0.34140625 0.859375 0.0765625 0.04375
0 0.3984375 0.83984375 0.040625 0.0484375
0 0.8609375 0.6734375 0.10625 0.078125
0 0.73515625 0.6546875 0.0609375 0.075
3 0.88515625 0.54609375 0.0328125 0.0140625
3 0.71484375 0.55 0.0484375 0.021875