5 0.22578125 0.1171875 0.2015625 0.09375
10 0.27734375 0.31796875 0.1515625 0.2421875
8 0.2265625 0.24765625 0.30625 0.3828125
7 0.27265625 0.178125 0.090625 0.0453125
10 0.5625 0.09921875 0.15625 0.1390625
0 0.5890625 0.309375 0.0703125 0.078125
0 0.496875 0.3078125 0.053125 0.075
8 0.56328125 0.178125 0.2734375 0.35625
10 0.121875 0.6671875 0.153125 0.1421875
5 0.134375 0.5546875 0.096875 0.0515625
8 0.12109375 0.7359375 0.2421875 0.434375
3 0.02421875 0.75390625 0.046875 0.0484375
3 0.21875 0.73984375 0.04375 0.04375
0 0.0765625 0.9015625 0.053125 0.0484375
0 0.1328125 0.89296875 0.0625 0.0453125
10 0.68203125 0.665625 0.234375 0.215625
0 0.60625 0.94375 0.071875 0.1125
0 0.74375 0.97109375 0.096875 0.0578125
5 0.6984375 0.47109375 0.146875 0.0640625
8 0.6875 0.71953125 0.3875 0.5609375