10 0.27578125 0.1015625 0.2015625 0.1890625
8 0.26015625 0.2265625 0.2984375 0.453125
3 0.15234375 0.21875 0.0578125 0.0625
7 0.29609375 0.009375 0.0828125 0.01875
0 0.2140625 0.40546875 0.0875 0.0578125
0 0.2921875 0.3984375 0.1 0.0609375
10 0.8 0.1234375 0.278125 0.246875
0 0.7203125 0.4515625 0.109375 0.096875
0 0.8875 0.4578125 0.096875 0.084375
3 0.6640625 0.278125 0.084375 0.075
3 0.94765625 0.27578125 0.0734375 0.0734375
0 0.1921875 0.509375 0.0625 0.01875
0 0.28984375 0.5109375 0.0671875 0.021875
10 0.5484375 0.75546875 0.225 0.35