0 0.39609375 0.0234375 0.0609375 0.046875
0 0.75625 0.096875 0.178125 0.13125
0 0.83359375 0.059375 0.1390625 0.109375
8 0.20390625 0.55703125 0.3046875 0.4546875
10 0.2046875 0.41015625 0.246875 0.1609375
0 0.21953125 0.74921875 0.1984375 0.059375
0 0.28984375 0.7078125 0.1296875 0.053125
3 0.23828125 0.52578125 0.0890625 0.071875
10 0.7703125 0.5890625 0.1796875 0.18125
5 0.79453125 0.4453125 0.1296875 0.06875
8 0.77421875 0.6671875 0.2890625 0.5078125
3 0.6703125 0.68984375 0.065625 0.0625
0 0.8125 0.8828125 0.096875 0.05625
0 0.696875 0.83359375 0.071875 0.0578125