10 0.12890625 0.32890625 0.2296875 0.2265625
8 0.1421875 0.3265625 0.284375 0.446875
5 0.12421875 0.13984375 0.153125 0.078125
3 0.028125 0.46796875 0.05625 0.0828125
7 0.14140625 0.19375 0.0890625 0.03125
0 0.859375 0.03359375 0.078125 0.0671875
0 0.95390625 0.0609375 0.0609375 0.08125
10 0.33671875 0.76640625 0.1703125 0.1515625
0 0.390625 0.97109375 0.0625 0.0578125
0 0.32421875 0.97421875 0.0671875 0.0515625
5 0.33125 0.63046875 0.096875 0.0453125
2 0.33828125 0.65546875 0.0765625 0.0171875
3 0.25078125 0.8671875 0.0515625 0.05
3 0.4421875 0.8546875 0.015625 0.05
10 0.5984375 0.78359375 0.18125 0.1640625
0 0.5296875 0.98203125 0.06875 0.0359375
5 0.61171875 0.634375 0.1109375 0.046875
2 0.61171875 0.6625 0.0734375 0.021875
3 0.49375 0.88828125 0.05625 0.0484375
3 0.71484375 0.88671875 0.0453125 0.0546875