10 0.0734375 0.14375 0.146875 0.19375
8 0.10546875 0.225 0.2109375 0.45
3 0.16640625 0.25546875 0.071875 0.0625
0 0.03125 0.428125 0.0625 0.04375
0 0.15234375 0.4296875 0.0796875 0.040625
7 0.02734375 0.03046875 0.0546875 0.0296875
10 0.80078125 0.14296875 0.2125 0.23125
3 0.71015625 0.2875 0.0875 0.0734375
8 0.7921875 0.225 0.346875 0.45
3 0.93515625 0.26484375 0.0625 0.071875
7 0.8046875 0.01640625 0.096875 0.0328125
3 0.103125 0.8375 0.20625 0.325
3 0.3125 0.9 0.19375 0.2
10 0.753125 0.49609375 0.225 0.0921875
0 0.7359375 0.72421875 0.075 0.1046875
0 0.859375 0.72265625 0.09375 0.1078125
3 0.66171875 0.5734375 0.0546875 0.05
3 0.8796875 0.565625 0.059375 0.05625