10 0.11640625 0.23359375 0.2328125 0.2140625
0 0.1859375 0.484375 0.14375 0.03125
5 0.09375 0.03359375 0.1375 0.0609375
3 0.028125 0.3765625 0.05625 0.05
3 0.24375 0.3546875 0.04375 0.05625
2 0.11015625 0.0734375 0.1296875 0.01875
10 0.57265625 0.07109375 0.1453125 0.1421875
0 0.5140625 0.30703125 0.028125 0.0953125
0 0.6046875 0.30546875 0.075 0.1015625
8 0.5953125 0.18046875 0.190625 0.3609375
3 0.2828125 0.69921875 0.425 0.3984375
10 0.8921875 0.81171875 0.215625 0.2234375
5 0.88359375 0.625 0.1625 0.084375
8 0.85390625 0.79453125 0.2921875 0.4109375
3 0.7953125 0.95546875 0.084375 0.071875
7 0.90078125 0.68671875 0.109375 0.0359375