8 0.5296875 0.17421875 0.359375 0.3484375
3 0.4 0.0625 0.06875 0.0609375
0 0.50234375 0.27890625 0.0890625 0.0640625
3 0.6875 0.03828125 0.04375 0.0703125
8 0.95390625 0.16328125 0.0921875 0.3265625
10 0.39140625 0.48515625 0.3109375 0.1515625
0 0.50625 0.79921875 0.1296875 0.1546875
0 0.32890625 0.8109375 0.0921875 0.153125
8 0.3921875 0.65078125 0.453125 0.4828125
10 0.9046875 0.48984375 0.190625 0.1609375
0 0.896875 0.77890625 0.1 0.1234375
0 0.9578125 0.728125 0.0828125 0.09375
8 0.875 0.6296875 0.25 0.440625