10 0.390625 0.0890625 0.140625 0.128125
0 0.40078125 0.284375 0.0671875 0.078125
0 0.334375 0.27421875 0.05 0.0671875
3 0.31953125 0.16640625 0.0421875 0.0453125
3 0.475 0.1671875 0.028125 0.04375
10 0.8109375 0.2234375 0.165625 0.153125
5 0.80234375 0.0859375 0.1109375 0.046875
3 0.89921875 0.315625 0.0515625 0.046875
3 0.73125 0.31640625 0.034375 0.0421875
2 0.77734375 0.1125 0.0609375 0.01875
10 0.36953125 0.50625 0.2390625 0.19375
0 0.4421875 0.8625 0.09375 0.15
0 0.3125 0.82890625 0.15625 0.1328125
8 0.3484375 0.67421875 0.28125 0.5296875
10 0.6953125 0.64609375 0.265625 0.2390625
0 0.7984375 0.9609375 0.109375 0.078125
0 0.646875 0.9625 0.09375 0.075
5 0.6796875 0.43359375 0.159375 0.0484375
8 0.70625 0.7046875 0.371875 0.590625