10 0.26015625 0.084375 0.1953125 0.165625
0 0.2859375 0.35 0.075 0.1125
0 0.1640625 0.33125 0.096875 0.08125
3 0.1296875 0.19375 0.05625 0.053125
3 0.40078125 0.19453125 0.0421875 0.0515625
10 0.63203125 0.05078125 0.1265625 0.1015625
8 0.65625 0.14921875 0.175 0.2984375
0 0.59609375 0.26484375 0.0546875 0.0421875
0 0.68046875 0.275 0.09375 0.040625
3 0.71484375 0.1140625 0.0375 0.046875
10 0.33515625 0.6921875 0.2671875 0.240625
0 0.39375 0.97734375 0.128125 0.0453125
3 0.30859375 0.87421875 0.0890625 0.0703125
3 0.49453125 0.8078125 0.0484375 0.06875
10 0.69921875 0.6390625 0.2609375 0.178125
0 0.7703125 0.94765625 0.096875 0.1046875
0 0.62109375 0.9421875 0.1046875 0.115625
8 0.73359375 0.775 0.3296875 0.45