10 0.16640625 0.05 0.2453125 0.1
0 0.16171875 0.321875 0.1671875 0.125
0 0.25546875 0.284375 0.1671875 0.10625
3 0.1703125 0.1453125 0.071875 0.053125
3 0.30078125 0.10546875 0.0421875 0.0609375
10 0.9703125 0.1515625 0.059375 0.278125
0 0.971875 0.48828125 0.05625 0.1421875
3 0.23671875 0.79609375 0.4734375 0.4078125
10 0.8109375 0.78984375 0.1765625 0.2296875
5 0.77890625 0.59921875 0.1859375 0.0796875
8 0.79296875 0.7796875 0.3046875 0.440625
3 0.75703125 0.94140625 0.1046875 0.071875
3 0.93046875 0.90390625 0.059375 0.0625
7 0.81953125 0.64921875 0.084375 0.0484375