10 0.3734375 0.07734375 0.134375 0.1359375
0 0.37578125 0.27109375 0.0671875 0.0765625
0 0.309375 0.2703125 0.05 0.071875
3 0.29609375 0.15234375 0.0390625 0.0359375
3 0.459375 0.159375 0.03125 0.0375
10 0.71171875 0.24140625 0.2390625 0.1984375
0 0.753125 0.49609375 0.10625 0.0859375
0 0.68046875 0.515625 0.0953125 0.046875
5 0.6875 0.06484375 0.14375 0.0609375
2 0.7046875 0.09375 0.1 0.025
3 0.58203125 0.38046875 0.0671875 0.0578125
3 0.85859375 0.35078125 0.0390625 0.0578125
0 0.521875 0.75078125 0.04375 0.0640625