10 0.1640625 0.0765625 0.228125 0.153125
0 0.2546875 0.36640625 0.109375 0.1046875
0 0.11796875 0.35078125 0.071875 0.1171875
8 0.17421875 0.209375 0.3484375 0.41875
10 0.94921875 0.24140625 0.1015625 0.1921875
5 0.96796875 0.0609375 0.0640625 0.05625
8 0.91953125 0.2203125 0.1609375 0.396875
10 0.184375 0.51484375 0.109375 0.0921875
0 0.22421875 0.65859375 0.05625 0.0578125
0 0.15078125 0.64453125 0.0421875 0.0453125
5 0.1875 0.4328125 0.0625 0.028125
8 0.18515625 0.55546875 0.1484375 0.2734375
10 0.615625 0.49609375 0.134375 0.1359375
0 0.61796875 0.68984375 0.0671875 0.0765625
0 0.5515625 0.6890625 0.05 0.071875
8 0.61328125 0.5734375 0.2265625 0.309375