10 0.42890625 0.07734375 0.1609375 0.1546875
0 0.40625 0.36484375 0.121875 0.1078125
8 0.39609375 0.209375 0.2265625 0.41875
10 0.1015625 0.4359375 0.165625 0.034375
8 0.12265625 0.54609375 0.2453125 0.2546875
0 0.04375 0.603125 0.065625 0.0421875
0 0.1515625 0.625 0.1296875 0.0546875
3 0.01640625 0.465625 0.0328125 0.04375
3 0.22734375 0.4609375 0.0484375 0.0578125
5 0.66875 0.49140625 0.090625 0.1453125
5 0.971875 0.51796875 0.05625 0.1046875
5 0.8046875 0.63046875 0.11875 0.190625
10 0.54921875 0.7109375 0.0796875 0.325
10 0.6796875 0.7125 0.1421875 0.2453125
10 0.95234375 0.76328125 0.0953125 0.2890625
10 0.82890625 0.88359375 0.2015625 0.2328125