10 0.390625 0.1625 0.1609375 0.1625
5 0.41796875 0.02734375 0.1203125 0.0484375
8 0.40546875 0.2328125 0.2875 0.4578125
0 0.33203125 0.40859375 0.0796875 0.05625
0 0.43125 0.41171875 0.1234375 0.0625
3 0.29140625 0.26015625 0.05625 0.05
3 0.53125 0.25859375 0.0546875 0.0640625
7 0.42734375 0.07421875 0.0578125 0.0234375
10 0.7890625 0.30546875 0.4 0.3109375
0 0.9109375 0.6734375 0.178125 0.071875
5 0.81015625 0.0265625 0.2484375 0.053125
8 0.79453125 0.3546875 0.4109375 0.709375
0 0.49609375 0.95546875 0.1859375 0.0890625
0 0.33671875 0.97421875 0.1421875 0.0515625
8 0.38671875 0.8546875 0.4046875 0.290625