10 0.0421875 0.04453125 0.084375 0.0890625
0 0.00859375 0.18828125 0.0171875 0.0578125
0 0.0671875 0.196875 0.065625 0.0625
8 0.059375 0.11875 0.11875 0.2375
10 0.8640625 0.265625 0.1859375 0.1625
5 0.8546875 0.11640625 0.1109375 0.053125
8 0.84453125 0.26015625 0.3109375 0.3578125
10 0.29453125 0.81484375 0.2296875 0.2078125
5 0.31953125 0.61953125 0.1359375 0.0609375
2 0.321875 0.6578125 0.115625 0.025
3 0.1703125 0.9515625 0.075 0.059375
10 0.61640625 0.7515625 0.2671875 0.240625
5 0.640625 0.5171875 0.203125 0.075
3 0.58984375 0.93359375 0.0890625 0.0703125
3 0.77578125 0.8671875 0.0484375 0.06875
2 0.684375 0.56015625 0.1 0.0296875