0 0.1390625 0.2078125 0.121875 0.128125
0 0.2734375 0.1859375 0.15625 0.11875
3 0.1125 0.03203125 0.078125 0.0546875
3 0.33046875 0.01328125 0.0390625 0.0265625
10 0.753125 0.25234375 0.203125 0.1734375
0 0.7453125 0.4875 0.075 0.0625
0 0.85859375 0.4859375 0.0921875 0.065625
5 0.7265625 0.096875 0.109375 0.05
3 0.6671875 0.3640625 0.05 0.04375
3 0.87421875 0.35234375 0.0515625 0.0484375
2 0.72890625 0.1265625 0.0890625 0.015625
3 0.07734375 0.759375 0.1546875 0.48125
3 0.67109375 0.8078125 0.4828125 0.384375