10 0.37265625 0.32890625 0.1328125 0.1953125
5 0.39375 0.1421875 0.090625 0.05625
3 0.3015625 0.453125 0.065625 0.053125
2 0.4 0.17421875 0.078125 0.0203125
3 0.6828125 0.33125 0.4875 0.296875
10 0.178125 0.54375 0.203125 0.128125
0 0.1703125 0.77265625 0.075 0.0953125
0 0.28359375 0.76953125 0.0921875 0.0953125
3 0.30078125 0.62265625 0.0484375 0.0546875
3 0.09765625 0.634375 0.0515625 0.046875
10 0.74453125 0.56484375 0.2140625 0.1703125
8 0.746875 0.690625 0.34375 0.421875
0 0.725 0.85859375 0.0796875 0.0546875
3 0.64375 0.66875 0.059375 0.059375
3 0.87265625 0.66640625 0.071875 0.0625