10 0.22578125 0.16484375 0.1921875 0.1703125
5 0.225 0.01796875 0.121875 0.0359375
3 0.10390625 0.2765625 0.0484375 0.053125
3 0.3703125 0.26640625 0.04375 0.0671875
2 0.23515625 0.0390625 0.0984375 0.01875
10 0.7453125 0.04140625 0.153125 0.0828125
0 0.7078125 0.23203125 0.078125 0.0890625
0 0.7921875 0.2140625 0.05625 0.071875
3 0.81796875 0.0984375 0.0578125 0.05
3 0.6765625 0.09609375 0.046875 0.0390625
10 0.078125 0.35703125 0.1375 0.0546875
0 0.11171875 0.5140625 0.0671875 0.071875
0 0.04375 0.5 0.04375 0.059375
3 0.16953125 0.3953125 0.0265625 0.040625
3 0.01328125 0.3984375 0.0265625 0.0375
10 0.55625 0.45 0.153125 0.165625
0 0.5609375 0.715625 0.075 0.1125
3 0.67578125 0.56015625 0.0421875 0.0515625
2 0.5515625 0.3421875 0.071875 0.015625