10 0.209375 0.025 0.225 0.05
0 0.184375 0.25859375 0.1 0.1234375
0 0.2453125 0.2078125 0.0828125 0.09375
8 0.221875 0.16484375 0.36875 0.3296875
10 0.73359375 0.153125 0.2671875 0.278125
3 0.9078125 0.31015625 0.065625 0.0921875
10 0.321875 0.61875 0.38125 0.278125
0 0.46484375 0.96328125 0.2078125 0.0734375
0 0.3359375 0.98203125 0.20625 0.0359375
8 0.3671875 0.73984375 0.465625 0.5203125
10 0.91875 0.56953125 0.1625 0.1796875
0 0.934375 0.89375 0.13125 0.1375
0 0.98203125 0.85078125 0.0359375 0.1078125
3 0.978125 0.70859375 0.04375 0.0578125