10 0.37109375 0.21171875 0.0953125 0.1765625
0 0.3734375 0.46796875 0.071875 0.0953125
5 0.38125 0.0546875 0.075 0.05
2 0.3890625 0.08359375 0.059375 0.0234375
3 0.32265625 0.3234375 0.0515625 0.046875
10 0.6421875 0.21328125 0.265625 0.2453125
0 0.709375 0.56484375 0.121875 0.1359375
0 0.5859375 0.53203125 0.153125 0.1140625
5 0.628125 0.01640625 0.184375 0.0328125
3 0.51484375 0.34609375 0.0515625 0.0578125
3 0.72265625 0.37109375 0.0921875 0.0640625
2 0.61328125 0.04296875 0.1359375 0.0203125
5 0.31953125 0.74765625 0.1734375 0.1765625
10 0.62265625 0.91171875 0.1765625 0.1765625
5 0.59140625 0.74375 0.1859375 0.0875
8 0.60546875 0.8484375 0.3046875 0.303125
7 0.63203125 0.79765625 0.084375 0.0484375