10 0.178125 0.09453125 0.234375 0.1890625
3 0.0640625 0.21640625 0.0859375 0.078125
8 0.175 0.2328125 0.35 0.465625
0 0.11328125 0.4375 0.096875 0.0640625
3 0.31640625 0.19921875 0.0640625 0.0734375
3 0.6390625 0.22421875 0.2 0.4484375
3 0.93515625 0.3828125 0.1296875 0.271875
10 0.1484375 0.75390625 0.24375 0.2296875
5 0.1328125 0.55 0.16875 0.0625
3 0.2796875 0.9015625 0.078125 0.06875
2 0.1234375 0.58984375 0.134375 0.0328125
3 0.03671875 0.8921875 0.0609375 0.0625
8 0.61171875 0.759375 0.1453125 0.48125
0 0.61484375 0.6921875 0.1515625 0.053125