3 0.3765625 0.06953125 0.025 0.0421875
10 0.5546875 0.071875 0.30625 0.14375
0 0.49765625 0.38515625 0.0859375 0.1421875
0 0.653125 0.38125 0.1359375 0.14375
8 0.5765625 0.2421875 0.375 0.484375
10 0.1921875 0.7453125 0.140625 0.128125
0 0.20234375 0.940625 0.0671875 0.078125
0 0.1359375 0.93046875 0.05 0.0671875
5 0.20859375 0.62890625 0.0859375 0.0328125
2 0.2125 0.64921875 0.05625 0.0140625
3 0.278125 0.82578125 0.021875 0.0421875
3 0.1203125 0.82421875 0.040625 0.0390625
10 0.59296875 0.6453125 0.3109375 0.13125
0 0.59140625 0.9390625 0.1140625 0.121875
0 0.75234375 0.95703125 0.1421875 0.0859375
3 0.55390625 0.6 0.1390625 0.040625
3 0.646875 0.63125 0.125 0.071875