8 0.14609375 0.0953125 0.2921875 0.190625
0 0.159375 0.13984375 0.1125 0.0984375
0 0.0265625 0.0734375 0.053125 0.084375
10 0.63515625 0.23515625 0.1890625 0.1546875
5 0.6265625 0.09375 0.10625 0.046875
3 0.54453125 0.32109375 0.0515625 0.0171875
3 0.7421875 0.31640625 0.04375 0.0265625
2 0.63359375 0.1234375 0.0796875 0.015625
10 0.23671875 0.37890625 0.1453125 0.0984375
8 0.23203125 0.48828125 0.2484375 0.3171875
0 0.178125 0.57421875 0.10625 0.0515625
0 0.2625 0.5953125 0.0625 0.05625
3 0.3375 0.453125 0.0578125 0.059375
10 0.53359375 0.38671875 0.1421875 0.1140625
0 0.5015625 0.57109375 0.059375 0.0703125
0 0.55859375 0.55546875 0.0609375 0.0671875
3 0.4484375 0.4671875 0.040625 0.03125
3 0.61484375 0.45625 0.0265625 0.040625