10 0.26953125 0.075 0.2109375 0.15
0 0.2875 0.26953125 0.059375 0.0203125
3 0.14765625 0.18125 0.0546875 0.046875
3 0.4421875 0.15703125 0.05 0.0578125
8 0.87421875 0.13984375 0.2515625 0.2796875
10 0.0734375 0.378125 0.146875 0.165625
8 0.0921875 0.471875 0.184375 0.384375
3 0.1515625 0.465625 0.0609375 0.0609375
0 0.03828125 0.63125 0.0765625 0.04375
0 0.1109375 0.6109375 0.0671875 0.04375
10 0.63203125 0.690625 0.1953125 0.165625
0 0.6578125 0.95 0.075 0.1
0 0.546875 0.9375 0.075 0.08125
5 0.65078125 0.546875 0.1203125 0.06875
3 0.51953125 0.8 0.0203125 0.053125
3 0.77265625 0.80078125 0.0421875 0.0515625
2 0.6484375 0.5828125 0.071875 0.015625