9 0.3375 0.21953125 0.1625 0.4390625
6 0.35234375 0.0375 0.1328125 0.075
11 0.3578125 0.25546875 0.121875 0.2921875
4 0.3875 0.41640625 0.0625 0.0453125
7 0.3515625 0.09140625 0.0703125 0.0453125
8 0.87578125 0.21953125 0.2484375 0.4390625
3 0.85859375 0.01171875 0.0953125 0.0234375
0 0.8859375 0.20703125 0.1453125 0.0671875
0 0.95 0.16796875 0.1 0.0609375
10 0.3578125 0.4953125 0.121875 0.1125
8 0.309375 0.71953125 0.21875 0.5609375
3 0.33984375 0.5828125 0.0828125 0.0671875
0 0.33203125 0.79921875 0.1734375 0.0796875
0 0.38125 0.76484375 0.075 0.0515625
3 0.5078125 0.71953125 0.178125 0.5609375
3 0.9046875 0.90703125 0.190625 0.1859375