10 0.45 0.0140625 0.125 0.028125
0 0.4296875 0.153125 0.053125 0.078125
0 0.4671875 0.13515625 0.04375 0.0609375
3 0.37265625 0.046875 0.0328125 0.034375
3 0.54375 0.0421875 0.03125 0.04375
10 0.796875 0.06328125 0.25625 0.1265625
0 0.8984375 0.3453125 0.184375 0.125
0 0.6703125 0.3203125 0.140625 0.121875
3 0.82265625 0.171875 0.1140625 0.078125
10 0.228125 0.6515625 0.1109375 0.1
0 0.240625 0.7953125 0.046875 0.05625
0 0.20390625 0.80546875 0.0640625 0.0640625
5 0.22578125 0.56640625 0.0671875 0.0328125
8 0.23515625 0.6953125 0.1921875 0.2921875
0 0.821875 0.7359375 0.075 0.1125
0 0.7 0.7171875 0.096875 0.08125
3 0.665625 0.5796875 0.05625 0.053125
3 0.93671875 0.58046875 0.0421875 0.0515625