10 0.1984375 0.04140625 0.303125 0.0828125
0 0.36015625 0.32109375 0.1359375 0.1390625
0 0.12421875 0.321875 0.1171875 0.146875
3 0.41171875 0.09765625 0.0703125 0.0828125
3 0.03046875 0.11875 0.0609375 0.071875
5 0.9546875 0.26953125 0.06875 0.08125
5 0.66015625 0.2890625 0.08125 0.1046875
10 0.94375 0.43125 0.1125 0.1375
10 0.66640625 0.44453125 0.1328125 0.1109375
0 0.2421875 0.79765625 0.096875 0.1609375
0 0.41640625 0.7796875 0.15 0.15
8 0.29375 0.69140625 0.465625 0.3828125
10 0.91875 0.734375 0.1625 0.2125
5 0.9359375 0.5546875 0.128125 0.075
8 0.884375 0.76328125 0.23125 0.4734375
7 0.95 0.6078125 0.1 0.04375
3 0.84140625 0.8703125 0.0734375 0.0640625