8 0.38359375 0.28203125 0.1109375 0.3953125
10 0.3890625 0.31953125 0.1 0.2203125
5 0.415625 0.1203125 0.046875 0.065625
3 0.50625 0.27734375 0.134375 0.4046875
3 0.8953125 0.221875 0.209375 0.44375
10 0.125 0.76015625 0.215625 0.1765625
0 0.1078125 0.98359375 0.078125 0.0328125
0 0.22890625 0.98359375 0.0859375 0.0328125
5 0.09375 0.6015625 0.115625 0.05
2 0.09765625 0.63046875 0.0921875 0.0234375
3 0.03515625 0.8734375 0.0578125 0.05
3 0.24609375 0.8625 0.0484375 0.05
3 0.59140625 0.70546875 0.3046875 0.3640625