10 0.42421875 0.028125 0.1109375 0.05625
0 0.440625 0.15703125 0.05 0.0578125
0 0.36796875 0.146875 0.0359375 0.046875
3 0.35703125 0.0703125 0.0296875 0.028125
3 0.48515625 0.07265625 0.0265625 0.0265625
8 0.75703125 0.1453125 0.2984375 0.290625
3 0.77890625 0.0296875 0.0859375 0.059375
0 0.76640625 0.25 0.1921875 0.0671875
0 0.85 0.2046875 0.1484375 0.0578125
10 0.35234375 0.56953125 0.2015625 0.1390625
8 0.35703125 0.6984375 0.3390625 0.396875
3 0.22890625 0.6625 0.0578125 0.0625
3 0.5078125 0.6515625 0.0546875 0.0671875
0 0.290625 0.84921875 0.0875 0.0578125
0 0.36875 0.8421875 0.1 0.0609375
10 0.9328125 0.56484375 0.134375 0.1296875
0 0.93515625 0.75546875 0.0671875 0.0765625
0 0.86875 0.7546875 0.05 0.071875
8 0.90625 0.646875 0.1875 0.29375