10 0.06328125 0.33828125 0.1265625 0.1640625
5 0.05234375 0.1890625 0.1046875 0.046875
2 0.04921875 0.2171875 0.0734375 0.021875
3 0.15234375 0.44140625 0.0453125 0.0546875
10 0.81171875 0.1484375 0.2 0.1921875
8 0.81484375 0.23828125 0.3484375 0.4765625
5 0.8140625 0.0109375 0.134375 0.021875
0 0.73984375 0.453125 0.0796875 0.059375
0 0.8421875 0.43125 0.1109375 0.046875
3 0.68515625 0.2609375 0.059375 0.0640625
3 0.9671875 0.24140625 0.0609375 0.06875
7 0.8296875 0.0375 0.0671875 0.0359375
10 0.51640625 0.73203125 0.1453125 0.1453125
0 0.4921875 0.95546875 0.059375 0.0890625
0 0.5375 0.9375 0.053125 0.075
5 0.521875 0.603125 0.09375 0.040625
3 0.61640625 0.8234375 0.0421875 0.046875
3 0.41875 0.82421875 0.046875 0.0421875
2 0.52421875 0.6265625 0.0671875 0.01875