10 0.23515625 0.3625 0.2265625 0.175
8 0.22578125 0.3125 0.3515625 0.275
5 0.2296875 0.2078125 0.1484375 0.0734375
7 0.24296875 0.26015625 0.0984375 0.034375
10 0.759375 0.0265625 0.203125 0.053125
0 0.71640625 0.2546875 0.0890625 0.1125
0 0.77421875 0.21875 0.0703125 0.09375
3 0.63359375 0.08125 0.0546875 0.04375
3 0.9234375 0.0578125 0.05625 0.05625
10 0.44609375 0.53984375 0.0859375 0.1734375
0 0.45234375 0.81484375 0.0703125 0.1109375
3 0.39375 0.65234375 0.053125 0.0484375
10 0.52265625 0.51328125 0.0671875 0.1265625
0 0.49375 0.928125 0.009375 0.078125
0 0.52578125 0.92734375 0.0421875 0.0765625
8 0.58125 0.7140625 0.184375 0.528125