0 0.0578125 0.1453125 0.0875 0.08125
0 0.1875 0.17265625 0.109375 0.0984375
8 0.121875 0.11875 0.24375 0.2375
10 0.8078125 0.29140625 0.2453125 0.2609375
5 0.746875 0.0578125 0.1859375 0.0765625
8 0.75390625 0.2640625 0.3703125 0.490625
10 0.3578125 0.690625 0.146875 0.1375
0 0.2984375 0.89375 0.046875 0.075
0 0.36015625 0.88671875 0.0640625 0.0734375
5 0.37265625 0.57109375 0.0890625 0.0328125
3 0.27734375 0.76640625 0.0484375 0.0421875
3 0.4484375 0.7734375 0.03125 0.0375
2 0.37265625 0.5921875 0.0765625 0.0125
10 0.6515625 0.87890625 0.265625 0.2421875
5 0.64375 0.64296875 0.2125 0.084375
8 0.68515625 0.8015625 0.3328125 0.396875