10 0.265625 0.03203125 0.23125 0.0640625
0 0.17578125 0.271875 0.1 0.121875
0 0.31484375 0.26953125 0.0828125 0.1265625
8 0.25 0.16640625 0.3375 0.3328125
10 0.50078125 0.03828125 0.1578125 0.0765625
0 0.496875 0.459375 0.05625 0.08125
0 0.55546875 0.45546875 0.0578125 0.0734375
8 0.62890625 0.2546875 0.4203125 0.509375
10 0.115625 0.8171875 0.23125 0.23125
5 0.103125 0.6078125 0.184375 0.075
2 0.134375 0.6453125 0.11875 0.025
3 0.13828125 0.9765625 0.0703125 0.046875
10 0.62578125 0.609375 0.2671875 0.2
0 0.6140625 0.953125 0.15 0.09375
0 0.625 0.8796875 0.025 0.034375
8 0.67109375 0.7546875 0.5046875 0.490625