10 0.2140625 0.2515625 0.1109375 0.1
0 0.2265625 0.3734375 0.046875 0.0125
5 0.21171875 0.16640625 0.0671875 0.0328125
8 0.22109375 0.2640625 0.1921875 0.23125
10 0.65546875 0.17890625 0.1890625 0.1671875
5 0.67578125 0.0390625 0.11875 0.0703125
8 0.65390625 0.18984375 0.3265625 0.3796875
10 0.38984375 0.646875 0.1578125 0.184375
8 0.3546875 0.71640625 0.228125 0.4859375
3 0.290625 0.7578125 0.0640625 0.0625
0 0.42421875 0.94609375 0.0890625 0.0546875
5 0.41171875 0.50234375 0.1140625 0.0671875
0 0.31875 0.903125 0.08125 0.0640625
7 0.4234375 0.55078125 0.0640625 0.025
10 0.59140625 0.4828125 0.1359375 0.11875
0 0.64765625 0.6640625 0.0609375 0.065625
0 0.57421875 0.66484375 0.0421875 0.0671875
5 0.57734375 0.38671875 0.0828125 0.0140625
3 0.51953125 0.56328125 0.0421875 0.0359375
3 0.66796875 0.546875 0.0328125 0.040625
2 0.58828125 0.396875 0.0609375 0.0125