10 0.47578125 0.290625 0.0859375 0.096875
0 0.49765625 0.42109375 0.0421875 0.0171875
0 0.44609375 0.4203125 0.0390625 0.01875
5 0.490625 0.20390625 0.05625 0.0265625
3 0.421875 0.35078125 0.028125 0.0296875
2 0.496875 0.22265625 0.04375 0.0109375
10 0.55 0.20859375 0.0625 0.1640625
5 0.546875 0.07421875 0.05625 0.0421875
8 0.58046875 0.23984375 0.1234375 0.3796875
3 0.62421875 0.2984375 0.0484375 0.0578125
7 0.53515625 0.1171875 0.0328125 0.025
10 0.25234375 0.6125 0.1578125 0.31875
8 0.26796875 0.71484375 0.4421875 0.5703125
10 0.92578125 0.52265625 0.1484375 0.1859375
0 0.8671875 0.80546875 0.184375 0.1109375
0 0.96796875 0.85 0.0640625 0.11875
3 0.96015625 0.66875 0.0796875 0.071875