10 0.1328125 0.315625 0.265625 0.321875
5 0.11171875 0.03671875 0.2234375 0.0734375
8 0.1765625 0.29453125 0.353125 0.5890625
10 0.95234375 0.06171875 0.0953125 0.1234375
0 0.92734375 0.27109375 0.0890625 0.0828125
0 0.9921875 0.2609375 0.015625 0.075
3 0.89453125 0.1390625 0.0328125 0.040625
0 0.27109375 0.61875 0.0703125 0.059375
0 0.178125 0.6171875 0.053125 0.05625
10 0.86796875 0.63671875 0.2640625 0.0953125
0 0.940625 0.94453125 0.11875 0.1109375
0 0.77578125 0.92578125 0.0890625 0.1484375
3 0.73828125 0.746875 0.1109375 0.1