10 0.090625 0.2015625 0.18125 0.321875
8 0.134375 0.2296875 0.26875 0.459375
8 0.821875 0.13828125 0.296875 0.2765625
0 0.821875 0.20078125 0.196875 0.1265625
0 0.8875 0.16015625 0.128125 0.1140625
10 0.02109375 0.52890625 0.0421875 0.1328125
0 0.02578125 0.73984375 0.0515625 0.0734375
8 0.053125 0.62265625 0.10625 0.3265625
10 0.61796875 0.49765625 0.1171875 0.0765625
0 0.56015625 0.6765625 0.0890625 0.078125
0 0.66484375 0.67890625 0.1109375 0.0734375
3 0.55546875 0.55 0.0328125 0.0375
3 0.66796875 0.56484375 0.0546875 0.0515625