10 0.33046875 0.10546875 0.1984375 0.2109375
0 0.3171875 0.41328125 0.121875 0.1109375
0 0.4015625 0.4 0.05625 0.11875
3 0.290625 0.24609375 0.078125 0.0546875
3 0.51875 0.20625 0.178125 0.26875
10 0.1015625 0.5078125 0.203125 0.078125
8 0.134375 0.62109375 0.26875 0.3046875
0 0.0890625 0.74453125 0.0765625 0.0515625
3 0.225 0.55 0.0609375 0.0625
3 0.02109375 0.5625 0.0421875 0.053125
0 0.21875 0.7375 0.08125 0.0453125
10 0.640625 0.52421875 0.25625 0.1109375
0 0.75625 0.79375 0.090625 0.13125
0 0.6046875 0.78984375 0.103125 0.1171875
3 0.5296875 0.60703125 0.071875 0.0671875
3 0.78046875 0.6015625 0.0984375 0.08125