10 0.065625 0.36171875 0.13125 0.2640625
5 0.06171875 0.125 0.1234375 0.084375
8 0.078125 0.31171875 0.15625 0.4765625
10 0.5671875 0.28125 0.159375 0.146875
0 0.62109375 0.50546875 0.1171875 0.0828125
0 0.50234375 0.490625 0.0546875 0.06875
5 0.56796875 0.14453125 0.1078125 0.0453125
2 0.57421875 0.1734375 0.0796875 0.0125
3 0.48046875 0.37734375 0.0484375 0.0390625
3 0.67109375 0.3671875 0.0390625 0.046875
10 0.271875 0.84375 0.09375 0.3125
8 0.2296875 0.775 0.178125 0.45
10 0.675 0.57265625 0.15 0.0453125
0 0.6421875 0.73515625 0.05625 0.0828125
0 0.68984375 0.71953125 0.0390625 0.0703125
3 0.78046875 0.60546875 0.0390625 0.0421875
3 0.56484375 0.609375 0.0390625 0.040625