10 0.325 0.19765625 0.1875 0.1921875
8 0.28984375 0.225 0.2578125 0.45
5 0.33515625 0.03671875 0.134375 0.071875
3 0.20546875 0.3109375 0.059375 0.0640625
7 0.35 0.0875 0.0671875 0.0359375
8 0.8875 0.1234375 0.225 0.246875
3 0.86796875 0.0171875 0.0828125 0.034375
0 0.91484375 0.1953125 0.09375 0.0515625
0 0.978125 0.1734375 0.04375 0.0625
10 0.24140625 0.6140625 0.2109375 0.1875
0 0.21640625 0.91796875 0.0953125 0.1234375
0 0.259375 0.86328125 0.059375 0.0921875
5 0.23046875 0.46171875 0.1328125 0.0234375
8 0.24453125 0.72109375 0.3484375 0.5421875
10 0.8609375 0.53359375 0.246875 0.1671875
0 0.8671875 0.84609375 0.196875 0.1265625
0 0.9328125 0.80546875 0.128125 0.1140625
3 0.88828125 0.671875 0.0734375 0.0625