0 0.4328125 0.04921875 0.0453125 0.0484375
0 0.50625 0.059375 0.053125 0.059375
8 0.47890625 0.046875 0.1640625 0.09375
8 0.81875 0.1296875 0.11875 0.259375
10 0.36328125 0.53828125 0.2421875 0.2078125
0 0.440625 0.88515625 0.1 0.1421875
0 0.30625 0.828125 0.071875 0.1125
5 0.371875 0.3546875 0.14375 0.06875
2 0.36953125 0.39765625 0.1171875 0.0203125
3 0.234375 0.6859375 0.071875 0.06875
3 0.51171875 0.66875 0.0484375 0.065625
10 0.790625 0.596875 0.0625 0.25625
0 0.7703125 0.925 0.021875 0.128125
8 0.84765625 0.659375 0.1765625 0.68125