10 0.34375 0.2078125 0.2125 0.19375
0 0.3 0.47734375 0.08125 0.0640625
0 0.4171875 0.471875 0.065625 0.075
5 0.3375 0.0265625 0.134375 0.053125
3 0.2484375 0.3375 0.06875 0.06875
2 0.34453125 0.0546875 0.1234375 0.028125
10 0.77421875 0.0328125 0.1328125 0.065625
0 0.75703125 0.1875 0.046875 0.06875
0 0.8 0.1765625 0.05 0.05625
8 0.77109375 0.1125 0.2234375 0.225
10 0.409375 0.70078125 0.08125 0.1609375
0 0.4109375 0.9203125 0.0609375 0.078125
5 0.43046875 0.553125 0.0390625 0.05
8 0.3796875 0.7640625 0.140625 0.471875
10 0.7859375 0.6828125 0.125 0.109375
0 0.790625 0.8515625 0.046875 0.065625
0 0.73203125 0.84375 0.0390625 0.059375
5 0.78828125 0.584375 0.0828125 0.0375
2 0.796875 0.6046875 0.05625 0.0125
3 0.86640625 0.75078125 0.0265625 0.0296875
3 0.7078125 0.753125 0.034375 0.03125