0 0.3125 0.10625 0.075 0.10625
0 0.43359375 0.1046875 0.0859375 0.103125
3 0.775 0.184375 0.271875 0.36875
10 0.2859375 0.5109375 0.271875 0.221875
0 0.26328125 0.82734375 0.1140625 0.1328125
0 0.3734375 0.8015625 0.153125 0.115625
3 0.246875 0.65625 0.071875 0.05625
3 0.43515625 0.62265625 0.0421875 0.0640625
10 0.74609375 0.49453125 0.2140625 0.1890625
0 0.67578125 0.7734375 0.0734375 0.115625
0 0.8109375 0.77265625 0.090625 0.1171875
3 0.6453125 0.61171875 0.0125 0.0453125
3 0.8640625 0.6046875 0.053125 0.05625