10 0.2046875 0.2859375 0.153125 0.046875
5 0.20390625 0.221875 0.1015625 0.05625
2 0.2078125 0.24296875 0.05625 0.0140625
10 0.73671875 0.17265625 0.1859375 0.1671875
5 0.74921875 0.03515625 0.1203125 0.0640625
3 0.63203125 0.284375 0.0546875 0.05
3 0.8375 0.278125 0.04375 0.046875
2 0.76328125 0.0703125 0.0703125 0.0125
10 0.12265625 0.5953125 0.225 0.19375
0 0.16875 0.8390625 0.10625 0.103125
0 0.0828125 0.88125 0.09375 0.10625
5 0.12265625 0.415625 0.165625 0.06875
8 0.14296875 0.65703125 0.2859375 0.5578125
10 0.809375 0.3984375 0.246875 0.178125
0 0.81640625 0.721875 0.1859375 0.125
0 0.884375 0.67890625 0.13125 0.1078125
2 0.8484375 0.53671875 0.065625 0.0546875