10 0.1296875 0.2375 0.1109375 0.09375
0 0.146875 0.38515625 0.05 0.0578125
0 0.0734375 0.375 0.0359375 0.046875
5 0.13125 0.15078125 0.0640625 0.0296875
8 0.1328125 0.28046875 0.175 0.2796875
10 0.68125 0.10078125 0.25 0.2015625
0 0.6703125 0.40703125 0.190625 0.0453125
0 0.615625 0.3828125 0.134375 0.09375
3 0.64765625 0.2375 0.0953125 0.065625
0 0.34140625 0.56953125 0.0171875 0.0640625
3 0.3265625 0.4796875 0.025 0.03125
10 0.48984375 0.771875 0.1859375 0.34375
8 0.50390625 0.72421875 0.3078125 0.5515625