10 0.24375 0.21953125 0.15 0.1359375
0 0.29609375 0.4328125 0.0609375 0.084375
0 0.19296875 0.40625 0.0609375 0.0625
5 0.2484375 0.096875 0.1125 0.04375
3 0.13984375 0.303125 0.0328125 0.04375
3 0.334375 0.30859375 0.05 0.0453125
2 0.225 0.11875 0.078125 0.015625
10 0.7796875 0.2265625 0.296875 0.265625
5 0.78125 0.0125 0.178125 0.025
2 0.78203125 0.040625 0.1578125 0.025
3 0.5890625 0.40234375 0.08125 0.0765625
3 0.97890625 0.3734375 0.0421875 0.075
10 0.23984375 0.62421875 0.3171875 0.2109375
0 0.17265625 0.9484375 0.0953125 0.103125
0 0.34609375 0.94921875 0.1390625 0.1015625
8 0.24453125 0.759375 0.4609375 0.48125
8 0.76953125 0.75078125 0.3078125 0.4640625
10 0.7609375 0.596875 0.246875 0.15625
0 0.76796875 0.909375 0.1859375 0.125
0 0.8359375 0.86640625 0.13125 0.1078125