10 0.490625 0.29140625 0.109375 0.0921875
0 0.53125 0.43515625 0.05625 0.0578125
0 0.45703125 0.42109375 0.0421875 0.0453125
5 0.49375 0.209375 0.0625 0.03125
2 0.4953125 0.22421875 0.053125 0.0078125
3 0.4515625 0.34765625 0.03125 0.0265625
3 0.54609375 0.34375 0.0203125 0.025
10 0.9453125 0.234375 0.109375 0.171875
0 0.92578125 0.50546875 0.0671875 0.1078125
0 0.9796875 0.48203125 0.040625 0.0921875
5 0.96640625 0.07578125 0.0671875 0.0484375
2 0.9828125 0.10546875 0.034375 0.0203125
3 0.88125 0.34609375 0.053125 0.0515625
10 0.3609375 0.7640625 0.24375 0.2453125
8 0.35546875 0.809375 0.2984375 0.38125
3 0.37734375 0.92265625 0.0859375 0.0671875
7 0.403125 0.62890625 0.075 0.0203125