0 0.115625 0.078125 0.075 0.078125
0 0.0234375 0.07734375 0.046875 0.0765625
10 0.709375 0.24765625 0.29375 0.2734375
5 0.659375 0.01484375 0.196875 0.0296875
8 0.75078125 0.2546875 0.4015625 0.509375
10 0.13046875 0.565625 0.2609375 0.1125
0 0.11640625 0.90234375 0.15 0.1671875
0 0.1265625 0.7921875 0.025 0.034375
8 0.2125 0.7546875 0.425 0.490625
10 0.72734375 0.79453125 0.1546875 0.1359375
0 0.70546875 0.9796875 0.0609375 0.040625
0 0.796875 0.98125 0.06875 0.0375
5 0.7109375 0.6640625 0.084375 0.040625
2 0.71640625 0.68671875 0.0640625 0.0171875
3 0.63046875 0.88125 0.0359375 0.04375
3 0.83046875 0.875 0.0390625 0.046875