10 0.396875 0.265625 0.165625 0.278125
0 0.35390625 0.590625 0.0890625 0.0375
5 0.42421875 0.02265625 0.1109375 0.0453125
2 0.4359375 0.05546875 0.0875 0.0359375
3 0.31640625 0.4671875 0.1109375 0.1
5 0.6984375 0.025 0.084375 0.05
10 0.71015625 0.2921875 0.1703125 0.33125
8 0.73984375 0.3046875 0.5203125 0.609375
10 0.62578125 0.65390625 0.1890625 0.0890625
0 0.690625 0.8578125 0.075 0.0875
0 0.6046875 0.8390625 0.059375 0.078125
3 0.53515625 0.72265625 0.0515625 0.0484375
3 0.7328125 0.71328125 0.04375 0.0484375