10 0.153125 0.2421875 0.153125 0.1421875
5 0.165625 0.1296875 0.096875 0.0515625
8 0.1453125 0.296875 0.25625 0.40625
3 0.05546875 0.32890625 0.046875 0.0484375
3 0.25 0.31484375 0.04375 0.04375
0 0.1078125 0.47578125 0.053125 0.0484375
0 0.1640625 0.46796875 0.0625 0.0453125
10 0.90234375 0.31484375 0.1890625 0.1796875
5 0.90625 0.14609375 0.128125 0.05625
8 0.871875 0.309375 0.25625 0.38125
0 0.346875 0.91328125 0.109375 0.1578125
3 0.28203125 0.68359375 0.0578125 0.0703125
10 0.89609375 0.90703125 0.1890625 0.1671875
5 0.91640625 0.7671875 0.11875 0.0703125
8 0.865625 0.86328125 0.26875 0.2734375