10 0.11953125 0.04453125 0.1484375 0.0890625
8 0.11875 0.190625 0.2375 0.38125
0 0.0625 0.2578125 0.1015625 0.040625
0 0.1421875 0.2546875 0.0734375 0.0578125
3 0.215625 0.1078125 0.053125 0.05
10 0.95390625 0.39140625 0.0921875 0.1734375
5 0.978125 0.265625 0.04375 0.071875
8 0.91953125 0.46484375 0.1609375 0.4890625
3 0.88984375 0.50625 0.0578125 0.059375
0 0.93359375 0.6421875 0.0921875 0.0484375
0 0.4859375 0.95703125 0.0875 0.0859375
0 0.3234375 0.95859375 0.109375 0.0828125
3 0.29296875 0.77578125 0.1046875 0.0890625