10 0.30625 0.27734375 0.246875 0.2234375
5 0.29375 0.05625 0.2109375 0.078125
8 0.3 0.2015625 0.375 0.375
0 0.8390625 0.08046875 0.0609375 0.0796875
0 0.928125 0.11015625 0.071875 0.0953125
8 0.87265625 0.07890625 0.2546875 0.1578125
10 0.4265625 0.62109375 0.1328125 0.1109375
0 0.434375 0.7875 0.0609375 0.071875
0 0.38984375 0.7953125 0.05 0.06875
5 0.43046875 0.5203125 0.078125 0.034375
8 0.42890625 0.6640625 0.221875 0.3359375
10 0.9375 0.66015625 0.125 0.1390625
0 0.9234375 0.8671875 0.059375 0.078125
5 0.93984375 0.53203125 0.0828125 0.0390625
2 0.93984375 0.55546875 0.0765625 0.0171875
3 0.8578125 0.7515625 0.040625 0.04375