10 0.34453125 0.06328125 0.1140625 0.0984375
0 0.353125 0.2078125 0.046875 0.05625
0 0.309375 0.21328125 0.05 0.0640625
3 0.275 0.12265625 0.025 0.0265625
5 0.425 0.115625 0.021875 0.028125
3 0.6140625 0.0703125 0.009375 0.04375
10 0.4390625 0.43828125 0.1875 0.0984375
8 0.44140625 0.5484375 0.3328125 0.31875
3 0.325 0.50625 0.0640625 0.0625
0 0.4625 0.6953125 0.0953125 0.0546875
0 0.353125 0.6515625 0.08125 0.0640625
3 0.571875 0.5015625 0.05 0.05625
0 0.97421875 0.53203125 0.0515625 0.0734375
8 0.94296875 0.48359375 0.1140625 0.1890625