10 0.171875 0.03046875 0.1625 0.0609375
8 0.15625 0.234375 0.3125 0.46875
3 0.13203125 0.10390625 0.0890625 0.078125
3 0.278125 0.06015625 0.0546875 0.065625
0 0.2359375 0.28203125 0.178125 0.059375
0 0.14609375 0.3140625 0.1625 0.0796875
3 0.834375 0.33125 0.33125 0.275
10 0.25390625 0.63671875 0.209375 0.19375
8 0.25234375 0.7234375 0.3390625 0.509375
5 0.2265625 0.4875 0.134375 0.0375
3 0.37734375 0.74765625 0.071875 0.0625
3 0.15234375 0.753125 0.06875 0.0546875
0 0.23203125 0.93203125 0.084375 0.0671875
0 0.3640625 0.93359375 0.0796875 0.0640625
7 0.22734375 0.52265625 0.078125 0.0296875
3 0.8296875 0.54609375 0.340625 0.1546875
3 0.8171875 0.83203125 0.315625 0.2859375