10 0.8359375 0.28828125 0.178125 0.0609375
5 0.85625 0.221875 0.128125 0.0765625
8 0.83203125 0.24609375 0.2953125 0.1453125
10 0.2578125 0.575 0.246875 0.2625
0 0.09921875 0.89765625 0.1984375 0.1234375
0 0.3078125 0.93359375 0.1625 0.1203125
5 0.26875 0.3484375 0.19375 0.059375
3 0.23046875 0.75234375 0.1046875 0.0828125
2 0.21640625 0.3828125 0.0921875 0.025
10 0.79453125 0.60546875 0.1859375 0.1671875
0 0.7078125 0.8328125 0.05625 0.08125
0 0.83515625 0.86640625 0.0828125 0.1109375
5 0.80703125 0.46796875 0.1203125 0.0640625
3 0.68984375 0.7171875 0.0546875 0.05
3 0.8953125 0.7109375 0.04375 0.046875
2 0.82109375 0.503125 0.0703125 0.0125