10 0.065625 0.0828125 0.13125 0.165625
8 0.1015625 0.2234375 0.203125 0.446875
0 0.10703125 0.3859375 0.1125 0.0640625
3 0.1546875 0.184375 0.0625 0.0609375
10 0.6359375 0.16640625 0.1125 0.1421875
0 0.63203125 0.3734375 0.075 0.078125
5 0.62109375 0.03828125 0.0828125 0.0421875
8 0.66328125 0.2234375 0.1671875 0.4
10 0.40859375 0.67890625 0.3421875 0.1390625
0 0.5234375 0.95859375 0.1125 0.0828125
0 0.4421875 0.97734375 0.20625 0.0453125
8 0.41015625 0.8046875 0.3390625 0.390625
10 0.7734375 0.6828125 0.23125 0.146875
8 0.771875 0.8046875 0.3625 0.390625
3 0.65625 0.78046875 0.0734375 0.065625
3 0.90625 0.76953125 0.053125 0.059375
0 0.72265625 0.978125 0.0984375 0.04375
0 0.8625 0.9703125 0.115625 0.059375