10 0.315625 0.0734375 0.15 0.140625
0 0.2546875 0.26015625 0.078125 0.0703125
0 0.34921875 0.2890625 0.0609375 0.08125
3 0.2171875 0.1546875 0.034375 0.04375
3 0.39140625 0.1640625 0.0171875 0.046875
10 0.7203125 0.178125 0.271875 0.25
0 0.81796875 0.52265625 0.1109375 0.1390625
0 0.66796875 0.5265625 0.0953125 0.134375
8 0.72734375 0.3078125 0.4140625 0.615625
10 0.171875 0.8921875 0.278125 0.215625
8 0.18828125 0.86484375 0.3765625 0.2703125
10 0.6390625 0.9421875 0.1875 0.115625
5 0.65546875 0.83046875 0.1203125 0.06875
8 0.6375 0.89453125 0.290625 0.2109375