10 0.3625 0.1453125 0.1703125 0.25
8 0.36796875 0.29765625 0.3640625 0.5953125
3 0.40078125 0.31328125 0.1359375 0.084375
0 0.2921875 0.53671875 0.2 0.0546875
0 0.4875 0.53828125 0.125 0.0984375
7 0.315625 0.0125 0.096875 0.025
10 0.93203125 0.30546875 0.1359375 0.1921875
0 0.95078125 0.60859375 0.0984375 0.1203125
0 0.98515625 0.559375 0.0296875 0.09375
5 0.95078125 0.125 0.0984375 0.05625
8 0.90234375 0.37734375 0.1953125 0.5828125
10 0.27890625 0.95 0.2703125 0.1
5 0.28671875 0.79296875 0.2015625 0.0890625
2 0.296875 0.846875 0.128125 0.03125
10 0.59140625 0.88046875 0.0828125 0.1484375
5 0.56875 0.7421875 0.0375 0.04375
8 0.62734375 0.8609375 0.1546875 0.278125