10 0.275 0.2015625 0.25 0.278125
2 0.3140625 0.0046875 0.171875 0.009375
3 0.15234375 0.403125 0.1109375 0.1
10 0.6859375 0.4125 0.253125 0.2125
5 0.6984375 0.20859375 0.171875 0.0765625
8 0.69375 0.34375 0.48125 0.35
10 0.27109375 0.58125 0.1859375 0.125
0 0.26484375 0.98515625 0.0640625 0.0296875
0 0.32578125 0.98671875 0.0640625 0.0265625
8 0.2 0.759375 0.4 0.48125
0 0.62734375 0.65078125 0.1171875 0.0828125
0 0.50859375 0.6359375 0.0546875 0.06875
3 0.48671875 0.53046875 0.0484375 0.0234375
3 0.67734375 0.52734375 0.0390625 0.0171875