10 0.4703125 0.26171875 0.159375 0.2328125
0 0.49375 0.53828125 0.1 0.0421875
5 0.48359375 0.05390625 0.1328125 0.0671875
3 0.40078125 0.403125 0.0703125 0.06875
2 0.4890625 0.10078125 0.121875 0.0328125
10 0.9296875 0.16484375 0.140625 0.2265625
8 0.8953125 0.2796875 0.209375 0.559375
3 0.89140625 0.31015625 0.084375 0.065625
0 0.91015625 0.5234375 0.1390625 0.071875
0 0.96796875 0.4953125 0.0640625 0.05
7 0.96328125 0.03671875 0.0734375 0.0484375
3 0.2796875 0.64609375 0.321875 0.1734375
3 0.27109375 0.93828125 0.3453125 0.1234375
3 0.734375 0.7796875 0.36875 0.440625