10 0.0671875 0.1625 0.134375 0.196875
8 0.1046875 0.159375 0.209375 0.31875
3 0.65078125 0.15390625 0.2828125 0.3078125
10 0.3546875 0.66953125 0.259375 0.2140625
0 0.43828125 0.9609375 0.0890625 0.078125
0 0.29140625 0.959375 0.0921875 0.08125
5 0.3328125 0.4765625 0.14375 0.059375
2 0.325 0.5125 0.1125 0.021875
3 0.22265625 0.8015625 0.0578125 0.059375
3 0.47734375 0.8015625 0.0609375 0.0625
10 0.61171875 0.59375 0.2046875 0.175
0 0.59375 0.8546875 0.084375 0.09375
0 0.7078125 0.85234375 0.084375 0.0984375
5 0.5796875 0.43671875 0.11875 0.0515625
2 0.58125 0.46484375 0.09375 0.0171875
3 0.5328125 0.71640625 0.046875 0.0640625
3 0.73125 0.7 0.05625 0.05625