8 0.06484375 0.2015625 0.1296875 0.265625
10 0.04375 0.16875 0.0875 0.090625
0 0.11328125 0.221875 0.028125 0.03125
5 0.0375 0.0859375 0.05625 0.028125
0 0.515625 0.1609375 0.071875 0.0875
0 0.55546875 0.14140625 0.0453125 0.0703125
3 0.64609375 0.025 0.0421875 0.05
10 0.11875 0.5578125 0.2375 0.25625
0 0.1015625 0.934375 0.190625 0.13125
0 0.05703125 0.878125 0.1140625 0.115625
3 0.07890625 0.721875 0.0953125 0.065625
10 0.6640625 0.75078125 0.1734375 0.1734375
8 0.66640625 0.7953125 0.2796875 0.409375
5 0.684375 0.63203125 0.128125 0.0765625
3 0.5734375 0.85390625 0.0640625 0.0625
0 0.63203125 0.990625 0.0828125 0.01875