10 0.2765625 0.0265625 0.2625 0.053125
0 0.2625 0.309375 0.184375 0.121875
0 0.20546875 0.25703125 0.1203125 0.1203125
8 0.2671875 0.1875 0.296875 0.375
10 0.79765625 0.3546875 0.1953125 0.15
5 0.81640625 0.21875 0.1203125 0.06875
2 0.8140625 0.2546875 0.071875 0.015625
10 0.21640625 0.47890625 0.1421875 0.0984375
0 0.1640625 0.65 0.103125 0.059375
0 0.23515625 0.66796875 0.1109375 0.0640625
3 0.1921875 0.55703125 0.0625 0.0515625
10 0.81328125 0.6140625 0.234375 0.215625
0 0.73828125 0.89375 0.071875 0.115625
0 0.875 0.9453125 0.096875 0.109375
5 0.8296875 0.43984375 0.146875 0.0203125
8 0.8125 0.71484375 0.375 0.5703125