10 0.60078125 0.03828125 0.2359375 0.0765625
0 0.66640625 0.29453125 0.1171875 0.1265625
0 0.51171875 0.25234375 0.0703125 0.1078125
3 0.4734375 0.109375 0.075 0.059375
3 0.7484375 0.1 0.05 0.065625
10 0.08828125 0.5 0.1484375 0.08125
8 0.103125 0.64609375 0.20625 0.3734375
0 0.040625 0.709375 0.08125 0.040625
0 0.1109375 0.70625 0.0734375 0.0578125
3 0.184375 0.559375 0.053125 0.05
10 0.56640625 0.49609375 0.2421875 0.0734375
0 0.67109375 0.7625 0.1296875 0.13125
0 0.5125 0.721875 0.090625 0.1125
3 0.45625 0.56796875 0.06875 0.0640625
3 0.696875 0.5328125 0.04375 0.046875