0 0.00703125 0.3078125 0.0140625 0.078125
5 0.03671875 0.1734375 0.0734375 0.346875
10 0.8171875 0.08671875 0.18125 0.1546875
0 0.790625 0.3171875 0.071875 0.084375
0 0.8796875 0.31953125 0.06875 0.0859375
8 0.82265625 0.190625 0.3203125 0.38125
10 0.3671875 0.5484375 0.225 0.2375
0 0.40859375 0.90859375 0.1140625 0.1484375
3 0.37109375 0.546875 0.1390625 0.059375
3 0.440625 0.5875 0.078125 0.071875
0 0.86484375 0.56796875 0.1171875 0.0828125
0 0.74609375 0.553125 0.0546875 0.06875
3 0.72421875 0.44453125 0.0484375 0.0296875
3 0.91484375 0.44140625 0.0390625 0.0234375