10 0.13125 0.21875 0.2625 0.278125
0 0.0609375 0.5875 0.1171875 0.146875
0 0.22578125 0.6140625 0.1140625 0.13125
8 0.165625 0.33984375 0.33125 0.6796875
10 0.565625 0.27890625 0.153125 0.1328125
0 0.5171875 0.484375 0.05 0.078125
0 0.615625 0.48984375 0.071875 0.0734375
5 0.5625 0.15 0.096875 0.0421875
8 0.59296875 0.33359375 0.2265625 0.4046875
8 0.303125 0.73515625 0.353125 0.1109375
0 0.39609375 0.7296875 0.1125 0.0640625
0 0.25625 0.740625 0.0984375 0.0640625
10 0.6203125 0.76015625 0.1421875 0.1203125
0 0.5890625 0.94765625 0.059375 0.0703125
0 0.64609375 0.93203125 0.0609375 0.0671875
8 0.61953125 0.83359375 0.2203125 0.3078125