10 0.04296875 0.40703125 0.0859375 0.1859375
5 0.02890625 0.25 0.0578125 0.059375
2 0.0203125 0.28671875 0.040625 0.0203125
3 0.13671875 0.496875 0.0453125 0.025
10 0.69765625 0.05625 0.3109375 0.1125
0 0.8125 0.35078125 0.1296875 0.1546875
0 0.63515625 0.3625 0.0921875 0.153125
8 0.6984375 0.221875 0.453125 0.44375
10 0.06328125 0.52734375 0.1265625 0.0359375
0 0.1265625 0.69375 0.10625 0.078125
0 0.015625 0.675 0.03125 0.075
3 0.15078125 0.55078125 0.0328125 0.0453125
10 0.8578125 0.56796875 0.246875 0.1171875
0 0.87734375 0.8890625 0.159375 0.1375
0 0.784375 0.83671875 0.178125 0.1265625
8 0.83203125 0.74375 0.3359375 0.46875