10 0.34375 0.1171875 0.19375 0.1859375
8 0.33984375 0.2 0.3046875 0.4
0 0.296875 0.3875 0.078125 0.025
3 0.44765625 0.22109375 0.0671875 0.0625
3 0.24453125 0.2234375 0.0546875 0.053125
0 0.421875 0.38828125 0.09375 0.0234375
7 0.33125 0.009375 0.071875 0.01875
8 0.6046875 0.2 0.190625 0.4
3 0.51953125 0.034375 0.0203125 0.065625
3 0.67578125 0.02109375 0.0546875 0.0421875
0 0.54296875 0.25078125 0.0671875 0.0765625
0 0.621875 0.2203125 0.178125 0.05
10 0.19921875 0.48359375 0.1890625 0.1671875
0 0.1546875 0.73515625 0.071875 0.0953125
0 0.2703125 0.7359375 0.08125 0.103125
3 0.1046875 0.5921875 0.053125 0.05
3 0.30625 0.5875 0.053125 0.053125
10 0.7546875 0.71328125 0.490625 0.5734375