10 0.14921875 0.115625 0.2453125 0.209375
0 0.0765625 0.43203125 0.096875 0.1296875
0 0.22109375 0.42421875 0.1171875 0.1203125
3 0.0328125 0.25703125 0.065625 0.0546875
3 0.27890625 0.2390625 0.0609375 0.065625
3 0.69140625 0.43984375 0.2640625 0.4796875
5 0.28203125 0.70546875 0.1328125 0.0515625
10 0.30625 0.8578125 0.2125 0.19375
8 0.31796875 0.83984375 0.3265625 0.3203125
3 0.43828125 0.9578125 0.065625 0.065625
3 0.21796875 0.97109375 0.0671875 0.053125
7 0.2890625 0.7421875 0.0796875 0.028125
8 0.67890625 0.83984375 0.2390625 0.3203125
10 0.6796875 0.88515625 0.240625 0.2296875