10 0.23515625 0.05 0.3578125 0.1
0 0.26640625 0.3484375 0.2171875 0.0625
0 0.36640625 0.32421875 0.2109375 0.1109375
8 0.2734375 0.18984375 0.43125 0.3796875
10 0.634375 0.3203125 0.271875 0.11875
5 0.6453125 0.1484375 0.2 0.08125
2 0.678125 0.2 0.1375 0.021875
10 0.02578125 0.5015625 0.0515625 0.140625
0 0.034375 0.709375 0.06875 0.08125
3 0.0765625 0.58359375 0.040625 0.0484375
5 0.5296875 0.521875 0.0484375 0.0875
5 0.5875 0.55390625 0.0375 0.0625
5 0.6609375 0.5875 0.040625 0.090625
5 0.8359375 0.6875 0.059375 0.0625
10 0.5953125 0.69296875 0.0484375 0.1875
10 0.53125 0.70625 0.084375 0.253125
10 0.6515625 0.7265625 0.08125 0.234375
10 0.82265625 0.87109375 0.1078125 0.2578125
0 0.66640625 0.98828125 0.0515625 0.0234375