10 0.06875 0.0609375 0.1375 0.121875
0 0.01328125 0.3328125 0.0265625 0.128125
0 0.059375 0.27890625 0.071875 0.1046875
3 0.190625 0.1453125 0.05 0.065625
8 0.853125 0.24453125 0.29375 0.4890625
10 0.8515625 0.1234375 0.246875 0.234375
0 0.85859375 0.45078125 0.1859375 0.0765625
0 0.9265625 0.43203125 0.13125 0.1078125
10 0.0203125 0.75859375 0.040625 0.1390625
0 0.0296875 0.96328125 0.059375 0.0734375
3 0.07109375 0.8421875 0.0421875 0.04375
10 0.91796875 0.55 0.1640625 0.121875
0 0.91328125 0.85 0.1171875 0.146875
3 0.81640625 0.646875 0.0671875 0.071875