10 0.21640625 0.0734375 0.2453125 0.146875
0 0.15625 0.34609375 0.08125 0.1171875
0 0.29375 0.33515625 0.10625 0.1171875
3 0.1046875 0.1796875 0.06875 0.06875
3 0.3453125 0.17421875 0.08125 0.0796875
10 0.59609375 0.125 0.2953125 0.25
8 0.61796875 0.21484375 0.4171875 0.4296875
10 0.36171875 0.696875 0.0953125 0.28125
5 0.37421875 0.45625 0.0703125 0.053125
8 0.3390625 0.71484375 0.140625 0.5703125
0 0.66171875 0.9828125 0.0515625 0.034375
0 0.71796875 0.9875 0.0640625 0.025
10 0.67578125 0.55859375 0.1734375 0.2578125
8 0.7046875 0.71484375 0.590625 0.5703125