10 0.2265625 0.1625 0.1671875 0.23125
8 0.21796875 0.25 0.3140625 0.5
3 0.18671875 0.3125 0.0921875 0.0703125
3 0.340625 0.2734375 0.0578125 0.06875
7 0.23515625 0.021875 0.0890625 0.04375
0 0.2984375 0.4875 0.190625 0.025
3 0.83515625 0.4421875 0.3296875 0.115625
0 0.34375 0.77890625 0.15 0.1453125
0 0.253125 0.73359375 0.175 0.1234375
3 0.17734375 0.52734375 0.0609375 0.0546875
3 0.3421875 0.5625 0.090625 0.08125
10 0.5921875 0.57265625 0.23125 0.1453125
0 0.5375 0.83515625 0.075 0.1203125
0 0.68359375 0.83203125 0.1171875 0.1140625
3 0.49140625 0.67734375 0.0640625 0.0546875
3 0.73046875 0.6609375 0.0515625 0.0625