10 0.26015625 0.20859375 0.196875 0.1875
5 0.24375 0.0578125 0.1265625 0.0671875
8 0.259375 0.27109375 0.30625 0.503125
0 0.2203125 0.5 0.0765625 0.0515625
0 0.34375 0.5015625 0.0734375 0.05
3 0.16328125 0.32421875 0.0609375 0.0546875
3 0.371875 0.321875 0.059375 0.05625
7 0.25 0.10390625 0.0875 0.0296875
3 0.603125 0.31328125 0.1875 0.4671875
3 0.88359375 0.42265625 0.2328125 0.2921875
10 0.9046875 0.7484375 0.190625 0.2
0 0.85625 0.9875 0.071875 0.025
5 0.9140625 0.58046875 0.134375 0.0234375
2 0.91796875 0.59765625 0.1015625 0.0234375
3 0.80703125 0.87265625 0.0609375 0.0515625