0 0.07734375 0.17421875 0.0890625 0.0828125
0 0.1640625 0.1640625 0.059375 0.075
3 0.04453125 0.0421875 0.0328125 0.040625
3 0.20546875 0.04375 0.0453125 0.04375
0 0.76171875 0.1578125 0.0671875 0.08125
0 0.6640625 0.1546875 0.05625 0.08125
3 0.6375 0.03515625 0.04375 0.0453125
3 0.82578125 0.03359375 0.0390625 0.0453125
10 0.025 0.73671875 0.05 0.1859375
3 0.10078125 0.84609375 0.0453125 0.0640625
10 0.484375 0.528125 0.246875 0.23125
0 0.490625 0.87265625 0.196875 0.1265625
0 0.55625 0.83203125 0.128125 0.1140625
3 0.51171875 0.6984375 0.0734375 0.0625