8 0.18359375 0.0859375 0.2796875 0.171875
0 0.14921875 0.1171875 0.0828125 0.053125
0 0.2671875 0.1390625 0.109375 0.0578125
10 0.753125 0.09765625 0.1328125 0.1171875
0 0.73515625 0.278125 0.046875 0.06875
0 0.778125 0.2671875 0.05 0.05625
5 0.75234375 0.01015625 0.0765625 0.0203125
8 0.74921875 0.1578125 0.2234375 0.315625
5 0.0265625 0.6546875 0.053125 0.078125
10 0.05625 0.875 0.1125 0.21875
8 0.11484375 0.7953125 0.2296875 0.409375
10 0.8421875 0.75546875 0.246875 0.2671875
5 0.85 0.51796875 0.1921875 0.075
8 0.79453125 0.73515625 0.4109375 0.5296875