10 0.1046875 0.09765625 0.209375 0.1953125
0 0.15703125 0.39140625 0.1390625 0.0546875
8 0.14296875 0.209375 0.2859375 0.41875
10 0.7125 0.08046875 0.3 0.1609375
0 0.8203125 0.37109375 0.10625 0.0953125
0 0.65390625 0.37265625 0.0953125 0.0921875
8 0.71640625 0.209375 0.4140625 0.41875
0 0.1328125 0.49453125 0.05 0.0578125
0 0.06015625 0.484375 0.0359375 0.046875
5 0.67421875 0.5078125 0.1984375 0.096875
10 0.6828125 0.7171875 0.24375 0.2421875
3 0.709375 0.875 0.0828125 0.06875
8 0.68046875 0.728125 0.3109375 0.54375
7 0.73125 0.56875 0.0734375 0.04375