10 0.45625 0.1109375 0.1140625 0.10625
0 0.42265625 0.26328125 0.046875 0.0578125
0 0.4953125 0.271875 0.0640625 0.0625
5 0.45625 0.0171875 0.084375 0.0328125
8 0.45390625 0.15625 0.1859375 0.3125
5 0.746875 0.07421875 0.175 0.0953125
10 0.77421875 0.2765625 0.184375 0.2421875
8 0.778125 0.271875 0.2375 0.515625
3 0.753125 0.42890625 0.0859375 0.071875
7 0.790625 0.13046875 0.075 0.0484375
10 0.2203125 0.56484375 0.15 0.0703125
0 0.2359375 0.7359375 0.075 0.078125
0 0.13671875 0.73515625 0.0609375 0.0765625
3 0.3078125 0.615625 0.040625 0.04375
3 0.115625 0.61640625 0.040625 0.0484375
10 0.82890625 0.55234375 0.2109375 0.0453125
0 0.7859375 0.7859375 0.075 0.128125
0 0.85625 0.73203125 0.071875 0.1046875
3 0.703125 0.59921875 0.053125 0.0609375
3 0.98359375 0.5984375 0.0328125 0.06875