10 0.3140625 0.16796875 0.1765625 0.2296875
8 0.2765625 0.3296875 0.265625 0.659375
3 0.26015625 0.31953125 0.1046875 0.071875
7 0.32265625 0.02734375 0.084375 0.0484375
0 0.2859375 0.53984375 0.153125 0.0734375
0 0.35625 0.5046875 0.10625 0.04375
10 0.78359375 0.34921875 0.2953125 0.2609375
0 0.7203125 0.64453125 0.165625 0.0296875
5 0.75390625 0.1078125 0.2109375 0.078125
3 0.81328125 0.521875 0.0984375 0.0875
3 0.634375 0.490625 0.065625 0.075
2 0.71875 0.159375 0.134375 0.03125
0 0.3859375 0.86484375 0.046875 0.0953125
8 0.346875 0.79140625 0.125 0.2640625
3 0.79921875 0.91171875 0.3703125 0.1765625