10 0.3046875 0.36796875 0.334375 0.2890625
0 0.346875 0.75703125 0.184375 0.0859375
0 0.153125 0.75 0.103125 0.1
5 0.3265625 0.09921875 0.228125 0.0953125
2 0.33984375 0.15390625 0.1578125 0.0359375
3 0.1046875 0.56328125 0.096875 0.0890625
3 0.55078125 0.54375 0.0734375 0.09375
10 0.734375 0.25 0.25 0.25
0 0.7140625 0.65546875 0.15 0.1671875
5 0.73046875 0.0296875 0.1765625 0.059375
3 0.96484375 0.37265625 0.0703125 0.0828125
2 0.7640625 0.06640625 0.10625 0.0328125
10 0.44609375 0.82734375 0.2484375 0.0546875
8 0.4484375 0.9 0.3 0.2
3 0.4828125 0.89921875 0.078125 0.0625
8 0.8046875 0.9 0.390625 0.2