10 0.334375 0.225 0.246875 0.215625
0 0.33359375 0.50390625 0.1640625 0.0296875
0 0.403125 0.4890625 0.125 0.059375
5 0.33671875 0.0265625 0.1609375 0.053125
2 0.39609375 0.05625 0.0609375 0.025
3 0.3375 0.37578125 0.075 0.0609375
3 0.475 0.334375 0.040625 0.0625
3 0.86484375 0.3015625 0.2703125 0.434375
3 0.18984375 0.759375 0.3796875 0.48125
0 0.9359375 0.784375 0.103125 0.146875
0 0.81953125 0.75546875 0.1390625 0.1234375
3 0.7390625 0.5703125 0.05625 0.05625
3 0.95390625 0.59296875 0.0796875 0.0703125