8 0.34765625 0.24453125 0.1234375 0.4890625
10 0.3515625 0.09609375 0.115625 0.1921875
0 0.36796875 0.42265625 0.0828125 0.1328125
10 0.8578125 0.2640625 0.284375 0.278125
5 0.878125 0.021875 0.215625 0.04375
2 0.88125 0.05390625 0.175 0.0359375
3 0.71796875 0.45234375 0.1109375 0.0734375
0 0.090625 0.74140625 0.09375 0.1453125
0 0.1875 0.71171875 0.1125 0.1234375
3 0.05625 0.546875 0.08125 0.065625
3 0.33046875 0.52265625 0.0515625 0.0671875
10 0.81640625 0.6328125 0.2609375 0.221875
0 0.86328125 0.95546875 0.1140625 0.0890625
0 0.7125 0.934375 0.071875 0.096875
3 0.68515625 0.77734375 0.0796875 0.0640625
3 0.9609375 0.76484375 0.053125 0.0640625