10 0.25390625 0.1640625 0.1140625 0.10625
0 0.2203125 0.31640625 0.046875 0.0578125
0 0.2921875 0.325 0.065625 0.0625
5 0.253125 0.07109375 0.084375 0.0328125
2 0.26171875 0.08984375 0.0609375 0.0109375
3 0.19609375 0.23203125 0.0359375 0.0296875
10 0.8734375 0.046875 0.253125 0.09375
0 0.87265625 0.32421875 0.1859375 0.1140625
0 0.85 0.27421875 0.165625 0.1015625
3 0.73984375 0.11484375 0.0921875 0.0765625
10 0.4671875 0.52265625 0.14375 0.1078125
8 0.421875 0.68515625 0.234375 0.4328125
3 0.4953125 0.61875 0.0875 0.084375
0 0.4109375 0.84296875 0.2 0.0546875