5 0.0640625 0.04296875 0.128125 0.0859375
10 0.0796875 0.22421875 0.159375 0.2109375
8 0.0953125 0.16484375 0.190625 0.3296875
7 0.084375 0.09453125 0.075 0.0484375
10 0.76953125 0.08671875 0.2421875 0.1734375
8 0.7484375 0.16484375 0.45625 0.3296875
10 0.83359375 0.428125 0.1109375 0.09375
0 0.85 0.57578125 0.05 0.0578125
0 0.77734375 0.565625 0.0359375 0.046875
5 0.83515625 0.34296875 0.0640625 0.0265625
3 0.76640625 0.4890625 0.0296875 0.028125
3 0.89453125 0.49140625 0.0265625 0.0265625
2 0.83671875 0.3609375 0.0515625 0.009375