8 0.121875 0.071875 0.24375 0.14375
0 0.046875 0.0390625 0.0890625 0.053125
0 0.1234375 0.03046875 0.1203125 0.0453125
10 0.59921875 0.08515625 0.2109375 0.1703125
0 0.57421875 0.38046875 0.0953125 0.1234375
0 0.6171875 0.32578125 0.059375 0.0921875
3 0.77421875 0.17578125 0.0484375 0.0578125
3 0.48125 0.1984375 0.05625 0.05
10 0.2484375 0.5125 0.140625 0.10625
0 0.2421875 0.7515625 0.071875 0.1125
8 0.215625 0.67578125 0.20625 0.4328125
5 0.48046875 0.49921875 0.0765625 0.0765625
10 0.5 0.71640625 0.14375 0.2390625
8 0.4875 0.7296875 0.309375 0.540625