10 0.37578125 0.23203125 0.1140625 0.0984375
0 0.384375 0.3765625 0.046875 0.05625
0 0.340625 0.38203125 0.05 0.0640625
5 0.3734375 0.14375 0.0625 0.03125
3 0.45546875 0.284375 0.0265625 0.03125
3 0.309375 0.2921875 0.025 0.03125
2 0.37578125 0.1609375 0.0484375 0.0125
10 0.4828125 0.8 0.271875 0.28125
5 0.4765625 0.5453125 0.2125 0.084375
2 0.45390625 0.6 0.1453125 0.03125
3 0.34140625 0.94453125 0.0546875 0.0703125
3 0.55078125 0.9703125 0.1015625 0.059375
10 0.721875 0.559375 0.084375 0.159375
8 0.7515625 0.66875 0.14375 0.378125