10 0.13828125 0.02734375 0.1765625 0.0546875
8 0.14453125 0.2703125 0.2890625 0.540625
3 0.07265625 0.08359375 0.0953125 0.071875
3 0.25546875 0.0578125 0.0546875 0.065625
0 0.1 0.30234375 0.1453125 0.0671875
0 0.20390625 0.26328125 0.178125 0.0609375
10 0.8859375 0.25 0.190625 0.175
0 0.92734375 0.5078125 0.0671875 0.096875
0 0.81015625 0.50625 0.0703125 0.096875
5 0.884375 0.09375 0.109375 0.046875
3 0.7765625 0.36171875 0.046875 0.0390625
3 0.98125 0.3609375 0.0375 0.046875
2 0.88046875 0.12265625 0.0890625 0.0203125
0 0.22421875 0.609375 0.0890625 0.040625
0 0.3515625 0.609375 0.08125 0.040625
3 0.509375 0.89375 0.21875 0.2125