10 0.49765625 0.103125 0.0828125 0.20625
0 0.440625 0.3921875 0.196875 0.109375
0 0.51796875 0.43125 0.0421875 0.11875
8 0.4328125 0.2421875 0.2125 0.484375
0 0.81328125 0.0421875 0.046875 0.075
0 0.87421875 0.0359375 0.0640625 0.071875
8 0.86875 0.0453125 0.228125 0.090625
10 0.42265625 0.6890625 0.1390625 0.128125
0 0.45546875 0.8828125 0.0671875 0.071875
0 0.38828125 0.86875 0.0421875 0.059375
5 0.42109375 0.57578125 0.0890625 0.0359375
3 0.35546875 0.76875 0.0421875 0.0375
3 0.5109375 0.76640625 0.025 0.0421875
2 0.43125 0.5953125 0.059375 0.015625
10 0.57578125 0.6421875 0.0734375 0.23125
8 0.68046875 0.759375 0.2828125 0.48125