10 0.1453125 0.196875 0.125 0.109375
0 0.15 0.365625 0.046875 0.065625
0 0.09140625 0.3578125 0.0390625 0.059375
5 0.14765625 0.0984375 0.0828125 0.0375
2 0.15390625 0.11875 0.0578125 0.0125
3 0.06796875 0.26484375 0.0328125 0.0359375
3 0.22421875 0.26328125 0.0328125 0.0328125
10 0.77578125 0.39765625 0.2421875 0.2078125
5 0.784375 0.2140625 0.14375 0.06875
2 0.78203125 0.25703125 0.1171875 0.0203125
3 0.646875 0.5453125 0.071875 0.06875
3 0.92421875 0.528125 0.0484375 0.065625
10 0.14765625 0.675 0.1890625 0.05
0 0.2125 0.859375 0.075 0.0875
0 0.1265625 0.840625 0.059375 0.078125
3 0.05703125 0.72421875 0.0515625 0.0484375
3 0.2546875 0.71484375 0.04375 0.0484375
10 0.6 0.79765625 0.303125 0.2703125
3 0.81328125 0.94765625 0.0703125 0.0828125
3 0.42890625 0.96640625 0.0671875 0.0671875