10 0.35625 0.078125 0.171875 0.15625
0 0.3875 0.3078125 0.109375 0.0875
0 0.290625 0.30390625 0.059375 0.0828125
3 0.25390625 0.17578125 0.0515625 0.0421875
3 0.48984375 0.16953125 0.0328125 0.0484375
10 0.928125 0.21796875 0.14375 0.1890625
0 0.91875 0.5234375 0.075 0.128125
0 0.9765625 0.46953125 0.046875 0.1046875
5 0.953125 0.05234375 0.09375 0.0640625
3 0.8359375 0.33671875 0.053125 0.0609375
2 0.9625 0.0890625 0.075 0.021875
0 0.28359375 0.77734375 0.1140625 0.0765625
0 0.44140625 0.80703125 0.1359375 0.1359375
10 0.8921875 0.8796875 0.215625 0.240625
8 0.85390625 0.86953125 0.2921875 0.2609375