10 0.3078125 0.0265625 0.121875 0.053125
0 0.3421875 0.19375 0.053125 0.078125
0 0.259375 0.1921875 0.053125 0.075
8 0.27890625 0.1203125 0.1796875 0.240625
10 0.87578125 0.36171875 0.225 0.1921875
5 0.8625 0.18125 0.125 0.05625
8 0.8515625 0.340625 0.296875 0.396875
0 0.2953125 0.75390625 0.0859375 0.1296875
8 0.24140625 0.68984375 0.2546875 0.3015625
8 0.79921875 0.6765625 0.3328125 0.275
0 0.78125 0.78125 0.0859375 0.0625
0 0.8390625 0.71328125 0.0984375 0.075
3 0.69140625 0.584375 0.0671875 0.0625
3 0.9484375 0.56328125 0.05 0.0484375