10 0.375 0.17109375 0.109375 0.1390625
0 0.409375 0.38125 0.040625 0.078125
0 0.3328125 0.3796875 0.053125 0.075
5 0.38984375 0.04453125 0.0796875 0.0328125
8 0.34609375 0.225 0.1671875 0.40625
8 0.7953125 0.05625 0.259375 0.1125
0 0.759375 0.03671875 0.078125 0.0484375
0 0.8640625 0.04921875 0.11875 0.0515625
10 0.04921875 0.8015625 0.0984375 0.165625
5 0.03984375 0.65625 0.0796875 0.06875
8 0.0875 0.80625 0.175 0.3875
10 0.646875 0.68515625 0.278125 0.2578125
0 0.575 0.9859375 0.109375 0.028125
0 0.734375 0.984375 0.103125 0.03125
5 0.65078125 0.4640625 0.1765625 0.05
8 0.6453125 0.71953125 0.428125 0.5609375