10 0.2515625 0.22265625 0.175 0.1484375
0 0.234375 0.446875 0.075 0.0875
0 0.27578125 0.42734375 0.0453125 0.0703125
5 0.2484375 0.0859375 0.090625 0.04375
2 0.25703125 0.1140625 0.0828125 0.01875
3 0.1625 0.32421875 0.046875 0.0546875
3 0.3625 0.31015625 0.034375 0.0515625
10 0.753125 0.10390625 0.15625 0.2078125
8 0.7609375 0.259375 0.25625 0.51875
10 0.1921875 0.62421875 0.184375 0.1578125
0 0.16484375 0.84140625 0.0609375 0.0796875
0 0.253125 0.87109375 0.071875 0.0953125
3 0.0984375 0.72890625 0.053125 0.0453125
3 0.30390625 0.72109375 0.0453125 0.0453125
8 0.75390625 0.759375 0.4921875 0.48125