10 0.13046875 0.04765625 0.1109375 0.0953125
0 0.14375 0.1953125 0.046875 0.053125
0 0.0890625 0.19453125 0.0390625 0.0546875
8 0.13671875 0.11328125 0.1765625 0.2265625
10 0.5890625 0.27109375 0.259375 0.2765625
5 0.57734375 0.02890625 0.1984375 0.0578125
8 0.61796875 0.21953125 0.3171875 0.4390625
10 0.19296875 0.5375 0.1984375 0.196875
8 0.18515625 0.6671875 0.3328125 0.45625
0 0.1671875 0.8625 0.0859375 0.0625
0 0.225 0.79453125 0.0984375 0.075
3 0.07734375 0.665625 0.0671875 0.0625
3 0.33515625 0.6375 0.05 0.0640625
10 0.79921875 0.721875 0.1140625 0.10625
0 0.765625 0.87421875 0.046875 0.0578125
0 0.8375 0.8828125 0.065625 0.0625
5 0.7984375 0.62890625 0.084375 0.0328125
2 0.80703125 0.64765625 0.0609375 0.0109375
3 0.74140625 0.78984375 0.0359375 0.0296875