0 0.34140625 0.14765625 0.10625 0.1109375
0 0.26875 0.190625 0.0953125 0.11875
8 0.284375 0.1296875 0.33125 0.259375
0 0.8828125 0.24921875 0.209375 0.1390625
8 0.88671875 0.1609375 0.2265625 0.321875
10 0.3796875 0.5578125 0.140625 0.153125
0 0.3671875 0.7875 0.075 0.09375
0 0.4328125 0.76953125 0.034375 0.0640625
5 0.38359375 0.43671875 0.1109375 0.0140625
3 0.3125 0.65078125 0.034375 0.0421875
2 0.35859375 0.446875 0.0609375 0.01875
8 0.79140625 0.4828125 0.2328125 0.10625
0 0.77265625 0.515625 0.0765625 0.04375
0 0.85 0.49609375 0.0796875 0.0484375