8 0.37890625 0.1359375 0.2703125 0.271875
0 0.32890625 0.11484375 0.0796875 0.05
0 0.4546875 0.15859375 0.1125 0.0625
10 0.8890625 0.23359375 0.221875 0.2703125
5 0.90859375 0.0109375 0.1734375 0.021875
8 0.85390625 0.21953125 0.2921875 0.4390625
10 0.10078125 0.6171875 0.1296875 0.11875
0 0.15078125 0.790625 0.059375 0.06875
0 0.0703125 0.778125 0.046875 0.059375
5 0.10546875 0.52421875 0.078125 0.046875
8 0.10390625 0.66640625 0.196875 0.3296875
5 0.990625 0.765625 0.01875 0.0625
10 0.98671875 0.9234375 0.0265625 0.153125