10 0.42265625 0.25546875 0.1359375 0.1359375
0 0.39296875 0.446875 0.0609375 0.06875
0 0.4953125 0.45390625 0.059375 0.0703125
5 0.415625 0.13828125 0.096875 0.0453125
2 0.39375 0.16015625 0.053125 0.0109375
3 0.31875 0.3296875 0.03125 0.04375
3 0.51796875 0.33671875 0.0390625 0.0421875
10 0.8984375 0.09453125 0.203125 0.1890625
0 0.83984375 0.3609375 0.071875 0.115625
0 0.9640625 0.4234375 0.071875 0.13125
8 0.86328125 0.24453125 0.2734375 0.4890625
0 0.4625 0.60390625 0.078125 0.0703125
0 0.553125 0.6328125 0.053125 0.08125
3 0.4265625 0.5046875 0.0375 0.03125
10 0.7875 0.56953125 0.153125 0.1515625
0 0.75 0.79453125 0.078125 0.0890625
0 0.834375 0.7765625 0.05625 0.071875
3 0.86015625 0.6609375 0.0578125 0.05
3 0.71875 0.65859375 0.046875 0.0390625