10 0.2171875 0.42734375 0.2453125 0.2171875
5 0.23984375 0.22734375 0.146875 0.071875
8 0.22421875 0.384375 0.4359375 0.390625
10 0.64453125 0.1671875 0.2296875 0.25
0 0.6140625 0.534375 0.15 0.090625
0 0.625 0.4625 0.025 0.034375
8 0.7265625 0.28984375 0.39375 0.5796875
0 0.3046875 0.75078125 0.08125 0.0859375
0 0.40703125 0.77578125 0.0828125 0.0984375
3 0.19296875 0.6234375 0.0390625 0.04375
3 0.4609375 0.61953125 0.05625 0.0515625
10 0.8125 0.66484375 0.290625 0.1703125
0 0.62421875 0.95390625 0.1890625 0.0921875
0 0.809375 0.9546875 0.159375 0.090625
3 0.62265625 0.75078125 0.0546875 0.0765625
3 0.9515625 0.79375 0.096875 0.08125