10 0.1890625 0.334375 0.2 0.109375
5 0.20234375 0.215625 0.1171875 0.059375
2 0.20390625 0.25234375 0.0796875 0.0203125
0 0.721875 0.1203125 0.075 0.078125
0 0.62265625 0.11953125 0.0609375 0.0765625
3 0.79375 0.0109375 0.040625 0.021875
3 0.6015625 0.0125 0.040625 0.025
10 0.18515625 0.53046875 0.2953125 0.2828125
0 0.121875 0.9296875 0.128125 0.140625
0 0.2890625 0.90625 0.171875 0.15
8 0.2 0.69453125 0.4 0.6109375
10 0.80703125 0.57109375 0.3 0.2515625
0 0.7390625 0.93203125 0.09375 0.1359375
0 0.90625 0.92734375 0.121875 0.1453125
8 0.79921875 0.69453125 0.4015625 0.6109375