10 0.28515625 0.05703125 0.2421875 0.1140625
0 0.39921875 0.328125 0.0828125 0.128125
0 0.2609375 0.31640625 0.096875 0.1234375
3 0.16875 0.14296875 0.059375 0.0515625
3 0.4125 0.14140625 0.071875 0.0609375
10 0.95 0.09921875 0.1 0.1984375
0 0.96015625 0.375 0.0796875 0.06875
3 0.89765625 0.2234375 0.0578125 0.059375
3 0.09765625 0.7109375 0.1953125 0.578125
8 0.88828125 0.76171875 0.2234375 0.4765625
10 0.91328125 0.74296875 0.1734375 0.2015625
0 0.8859375 0.98671875 0.075 0.0265625
5 0.93203125 0.55625 0.1328125 0.05625