10 0.40546875 0.05703125 0.0671875 0.1140625
0 0.415625 0.23671875 0.046875 0.0734375
3 0.37265625 0.13203125 0.0421875 0.0359375
10 0.840625 0.07421875 0.23125 0.1484375
8 0.828125 0.2375 0.34375 0.475
3 0.72890625 0.178125 0.0734375 0.0640625
3 0.971875 0.165625 0.05625 0.075
0 0.78828125 0.3734375 0.09375 0.0703125
0 0.928125 0.3703125 0.1015625 0.0703125
0 0.40703125 0.9171875 0.0640625 0.165625
0 0.36953125 0.83515625 0.0609375 0.1234375
3 0.29375 0.66953125 0.0875 0.0703125
10 0.56796875 0.684375 0.1484375 0.15
8 0.59921875 0.8046875 0.3203125 0.390625