8 0.053125 0.24375 0.10625 0.4875
0 0.0328125 0.4296875 0.065625 0.065625
3 0.065625 0.215625 0.065625 0.0734375
10 0.865625 0.10703125 0.25625 0.2140625
0 0.82109375 0.4203125 0.1390625 0.1375
0 0.940625 0.403125 0.11875 0.1125
3 0.8015625 0.24765625 0.08125 0.0578125
3 0.99453125 0.2171875 0.0109375 0.06875
3 0.025 0.53671875 0.05 0.0671875
8 0.82578125 0.74453125 0.2984375 0.5109375
10 0.8140625 0.6640625 0.2453125 0.2125
0 0.81015625 0.96484375 0.1671875 0.0703125
0 0.90234375 0.95078125 0.1671875 0.0984375