10 0.11484375 0.20625 0.1234375 0.1671875
5 0.115625 0.07265625 0.134375 0.0640625
8 0.10546875 0.25703125 0.2109375 0.4453125
3 0.0390625 0.31484375 0.071875 0.0625
0 0.97109375 0.23671875 0.0578125 0.1109375
3 0.91953125 0.08046875 0.0609375 0.0484375
10 0.290625 0.54921875 0.18125 0.1390625
0 0.221875 0.7546875 0.06875 0.075
0 0.32265625 0.78671875 0.0640625 0.1046875
3 0.1859375 0.64140625 0.05625 0.0484375
3 0.40703125 0.63984375 0.0453125 0.0546875
10 0.7046875 0.51953125 0.190625 0.0796875
0 0.71640625 0.80078125 0.1140625 0.1484375
3 0.8140625 0.58046875 0.053125 0.0640625