0 0.015625 0.1484375 0.03125 0.059375
0 0.053125 0.16640625 0.10625 0.0640625
3 0.01953125 0.05546875 0.0390625 0.0515625
10 0.50234375 0.05078125 0.1453125 0.1015625
0 0.465625 0.42734375 0.071875 0.0234375
0 0.53984375 0.425 0.0640625 0.028125
8 0.62109375 0.21953125 0.3828125 0.4390625
10 0.12890625 0.4875 0.1796875 0.096875
8 0.1390625 0.6078125 0.278125 0.3375
3 0.03125 0.5453125 0.0625 0.0625
0 0.171875 0.7390625 0.096875 0.05625
0 0.05625 0.68984375 0.071875 0.0578125
10 0.53203125 0.57890625 0.2046875 0.2078125
0 0.58984375 0.92578125 0.1 0.1421875
0 0.4609375 0.86875 0.0625 0.1125
8 0.565625 0.71953125 0.271875 0.5609375