5 0.33828125 0.23671875 0.0671875 0.0328125
2 0.34140625 0.25390625 0.0484375 0.0109375
0 0.709375 0.0625 0.196875 0.125
0 0.8984375 0.0625 0.159375 0.125
8 0.796875 0.0703125 0.40625 0.140625
10 0.3765625 0.5546875 0.065625 0.25625
0 0.3734375 0.93359375 0.071875 0.1328125
3 0.28828125 0.71328125 0.0640625 0.0796875
5 0.71796875 0.334375 0.1921875 0.090625
10 0.73125 0.54453125 0.2484375 0.246875
8 0.7328125 0.6296875 0.3 0.671875
3 0.7671875 0.71171875 0.078125 0.0625
0 0.746875 0.928125 0.184375 0.0671875
0 0.8171875 0.88359375 0.1421875 0.0546875
7 0.77890625 0.39453125 0.06875 0.040625