10 0.1859375 0.2328125 0.25625 0.221875
5 0.16640625 0.03359375 0.1515625 0.0671875
2 0.19296875 0.07109375 0.1109375 0.0234375
3 0.1015625 0.38046875 0.071875 0.0515625
3 0.32421875 0.3515625 0.0453125 0.0625
3 0.7734375 0.33828125 0.365625 0.2234375
10 0.39140625 0.55390625 0.1765625 0.2078125
8 0.35078125 0.725 0.2765625 0.55
3 0.33359375 0.68671875 0.1078125 0.071875
3 0.48125 0.65859375 0.015625 0.0671875
0 0.3546875 0.90390625 0.165625 0.0703125
0 0.4328125 0.87265625 0.1125 0.0453125
8 0.6828125 0.66171875 0.375 0.4234375
10 0.6921875 0.5234375 0.253125 0.146875
0 0.62421875 0.80703125 0.096875 0.1359375
0 0.7765625 0.796875 0.121875 0.125