10 0.1609375 0.08125 0.171875 0.15625
0 0.1921875 0.3109375 0.109375 0.0875
0 0.0953125 0.30703125 0.059375 0.0828125
3 0.06015625 0.18125 0.0515625 0.040625
3 0.29140625 0.175 0.0359375 0.046875
10 0.821875 0.109375 0.153125 0.121875
0 0.79609375 0.29296875 0.0609375 0.0734375
0 0.86796875 0.29609375 0.0609375 0.0765625
5 0.82109375 0.01796875 0.1015625 0.0359375
2 0.825 0.02890625 0.05625 0.0140625
3 0.74609375 0.18828125 0.0421875 0.0359375
3 0.90078125 0.17734375 0.0203125 0.0359375
0 0.87578125 0.7921875 0.109375 0.134375
0 0.72421875 0.7953125 0.09375 0.134375
8 0.7828125 0.78828125 0.371875 0.1765625