10 0.38828125 0.05078125 0.1921875 0.1015625
0 0.3453125 0.24375 0.0875 0.08125
0 0.475 0.27109375 0.109375 0.0984375
3 0.253125 0.1203125 0.04375 0.046875
3 0.49921875 0.11875 0.0484375 0.05
10 0.89140625 0.08359375 0.1859375 0.1671875
0 0.8046875 0.3109375 0.05625 0.08125
0 0.93203125 0.34453125 0.0828125 0.1109375
3 0.78671875 0.1953125 0.0546875 0.05
3 0.98515625 0.1890625 0.0296875 0.046875
0 0.253125 0.68515625 0.10625 0.0328125
0 0.3375 0.696875 0.0625 0.05625
0 0.5734375 0.959375 0.046875 0.08125
0 0.62734375 0.96484375 0.0640625 0.0703125
8 0.63984375 0.834375 0.1796875 0.33125