0 0.26484375 0.14453125 0.0953125 0.1109375
0 0.33984375 0.0953125 0.0890625 0.10625
8 0.29453125 0.10703125 0.3109375 0.2140625
0 0.8875 0.04765625 0.196875 0.0953125
0 0.94453125 0.02421875 0.1109375 0.0484375
10 0.340625 0.6796875 0.21875 0.25625
0 0.290625 0.97109375 0.134375 0.0578125
5 0.34609375 0.44375 0.2046875 0.078125
2 0.31171875 0.49140625 0.0953125 0.0359375
3 0.32265625 0.84375 0.0953125 0.065625
10 0.61484375 0.459375 0.1421875 0.23125
0 0.60546875 0.91875 0.0421875 0.06875
0 0.65078125 0.9171875 0.0453125 0.06875
8 0.61484375 0.6484375 0.3015625 0.659375