10 0.7515625 0.07578125 0.2 0.1515625
0 0.6953125 0.35625 0.075 0.128125
0 0.765625 0.31484375 0.071875 0.1015625
3 0.625 0.17109375 0.05 0.0578125
3 0.90234375 0.16796875 0.0453125 0.0640625
10 0.2921875 0.59609375 0.053125 0.1359375
0 0.265625 0.8046875 0.0890625 0.078125
5 0.2984375 0.4640625 0.040625 0.04375
8 0.265625 0.64296875 0.10625 0.4078125
10 0.70859375 0.67890625 0.1953125 0.1671875
0 0.73359375 0.9328125 0.0703125 0.096875
0 0.6328125 0.909375 0.0625 0.08125
5 0.72109375 0.52734375 0.1140625 0.0484375
3 0.60859375 0.7875 0.0484375 0.05
3 0.8359375 0.77890625 0.046875 0.0515625
2 0.72265625 0.56015625 0.0953125 0.0171875