10 0.08203125 0.18125 0.1109375 0.096875
0 0.09375 0.3296875 0.046875 0.053125
0 0.03984375 0.32890625 0.0390625 0.0546875
5 0.0859375 0.09453125 0.059375 0.0265625
3 0.015625 0.24140625 0.028125 0.0296875
3 0.16015625 0.23984375 0.0234375 0.0296875
2 0.0921875 0.11328125 0.046875 0.0109375
10 0.59375 0.17890625 0.1875 0.2703125
8 0.64140625 0.2046875 0.2828125 0.409375
8 0.39140625 0.62109375 0.2171875 0.3765625
10 0.3921875 0.5703125 0.140625 0.128125
0 0.40234375 0.765625 0.0671875 0.078125
0 0.3359375 0.75546875 0.05 0.0671875
5 0.4078125 0.45390625 0.0859375 0.0328125
10 0.56640625 0.5828125 0.1328125 0.24375
8 0.63359375 0.7046875 0.2671875 0.590625