10 0.48359375 0.07109375 0.1703125 0.1421875
0 0.44765625 0.33046875 0.0703125 0.1109375
0 0.5015625 0.30390625 0.05625 0.0921875
3 0.38828125 0.16953125 0.0546875 0.0515625
10 0.91953125 0.05703125 0.1546875 0.1140625
8 0.89921875 0.2015625 0.2015625 0.403125
3 0.83203125 0.1296875 0.065625 0.0578125
0 0.884375 0.2984375 0.0890625 0.053125
0 0.95 0.28984375 0.1 0.0453125
0 0.084375 0.7984375 0.16875 0.059375
0 0.13984375 0.7578125 0.1296875 0.053125
10 0.9671875 0.88515625 0.065625 0.1328125
5 0.9859375 0.7703125 0.028125 0.0375
2 0.99375 0.79140625 0.0125 0.0140625
3 0.9328125 0.9640625 0.040625 0.034375