10 0.340625 0.04921875 0.225 0.0984375
0 0.3234375 0.28046875 0.075 0.1046875
0 0.446875 0.27890625 0.09375 0.1078125
3 0.24921875 0.1296875 0.0546875 0.05
3 0.4671875 0.121875 0.059375 0.05625
10 0.7703125 0.353125 0.25 0.225
5 0.75703125 0.13125 0.1796875 0.06875
3 0.6546875 0.45859375 0.0625 0.0203125
2 0.7265625 0.1765625 0.11875 0.025
10 0.115625 0.615625 0.209375 0.171875
0 0.09921875 0.87109375 0.0703125 0.0921875
0 0.2125 0.86796875 0.090625 0.0921875
5 0.0890625 0.4765625 0.115625 0.015625
3 0.02890625 0.72890625 0.0578125 0.0546875
3 0.2375 0.71484375 0.071875 0.0515625
2 0.084375 0.4890625 0.115625 0.021875
10 0.9140625 0.821875 0.171875 0.35625
8 0.8890625 0.734375 0.221875 0.53125