0 0.459375 0.07578125 0.05 0.0578125
0 0.38671875 0.065625 0.0359375 0.046875
10 0.91640625 0.040625 0.1671875 0.08125
0 0.93203125 0.315625 0.1359375 0.1375
0 0.9796875 0.27265625 0.040625 0.1078125
3 0.97578125 0.13046875 0.0484375 0.0578125
10 0.12109375 0.83671875 0.2421875 0.2578125
5 0.10703125 0.61484375 0.1765625 0.0515625
8 0.1578125 0.79453125 0.315625 0.4109375
10 0.8671875 0.68359375 0.184375 0.1578125
0 0.8390625 0.90078125 0.0609375 0.0796875
0 0.928125 0.93046875 0.071875 0.0953125
8 0.87265625 0.78359375 0.2546875 0.3890625