10 0.11171875 0.24453125 0.1859375 0.1671875
0 0.0265625 0.471875 0.053125 0.08125
0 0.15234375 0.484375 0.0828125 0.06875
5 0.12421875 0.10703125 0.1203125 0.0640625
3 0.0171875 0.35625 0.034375 0.05
3 0.2125 0.35 0.04375 0.046875
2 0.13828125 0.1421875 0.0703125 0.0125
10 0.73671875 0.11640625 0.23125 0.2171875
0 0.64609375 0.4328125 0.1 0.121875
0 0.78515625 0.43046875 0.0828125 0.1265625
8 0.73671875 0.246875 0.3703125 0.49375
10 0.2890625 0.7484375 0.278125 0.25
5 0.28515625 0.5359375 0.1703125 0.034375
8 0.25625 0.759375 0.365625 0.48125
10 0.7265625 0.69765625 0.15625 0.1390625
0 0.753125 0.9078125 0.0703125 0.078125
0 0.6609375 0.90625 0.053125 0.075
5 0.728125 0.571875 0.1 0.0328125
8 0.72734375 0.75234375 0.2734375 0.40625