0 0.3796875 0.30703125 0.15 0.1046875
0 0.390625 0.228125 0.025 0.034375
8 0.3171875 0.1796875 0.284375 0.359375
0 0.53984375 0.328125 0.0453125 0.0625
0 0.61328125 0.32890625 0.0921875 0.0609375
8 0.640625 0.1796875 0.3625 0.359375
10 0.359375 0.596875 0.2 0.26875
0 0.3796875 0.96484375 0.159375 0.0703125
5 0.38125 0.3796875 0.15625 0.040625
3 0.24609375 0.78046875 0.0890625 0.0734375
2 0.42734375 0.3984375 0.0640625 0.03125
10 0.75078125 0.590625 0.1953125 0.165625
0 0.7765625 0.85625 0.075 0.1125
0 0.6546875 0.8375 0.096875 0.08125
5 0.76953125 0.446875 0.1203125 0.06875
3 0.6203125 0.7 0.05625 0.053125
3 0.89140625 0.70078125 0.0421875 0.0515625
2 0.7671875 0.4828125 0.071875 0.015625