10 0.31484375 0.0296875 0.1765625 0.059375
8 0.290625 0.1546875 0.296875 0.309375
3 0.24921875 0.08828125 0.0953125 0.071875
3 0.421875 0.0625 0.034375 0.065625
0 0.27578125 0.29140625 0.1453125 0.0359375
0 0.36484375 0.26796875 0.1484375 0.0609375
3 0.578125 0.21875 0.278125 0.18125
10 0.02890625 0.7171875 0.0578125 0.378125
10 0.009375 0.7421875 0.01875 0.334375
10 0.29375 0.70078125 0.290625 0.5984375
10 0.0828125 0.75390625 0.15625 0.4921875
10 0.14921875 0.75625 0.1828125 0.4875
8 0.628125 0.5421875 0.378125 0.465625
10 0.603125 0.40234375 0.259375 0.1859375
0 0.721875 0.70390625 0.09375 0.1296875
0 0.57734375 0.6953125 0.1 0.121875