10 0.2734375 0.2609375 0.1375 0.128125
0 0.30703125 0.4390625 0.0671875 0.040625
0 0.2390625 0.43515625 0.04375 0.0484375
5 0.271875 0.146875 0.090625 0.0375
3 0.36484375 0.3359375 0.0265625 0.040625
3 0.203125 0.3390625 0.0375 0.0375
2 0.28359375 0.16484375 0.0546875 0.0140625
10 0.65625 0.1875 0.053125 0.1875
3 0.75234375 0.28671875 0.0484375 0.0578125
10 0.446875 0.71015625 0.125 0.1078125
0 0.39296875 0.8703125 0.0390625 0.05625
0 0.46640625 0.88203125 0.0640625 0.0640625
5 0.44921875 0.615625 0.0796875 0.040625
3 0.3734375 0.7796875 0.034375 0.03125
3 0.51484375 0.77890625 0.0265625 0.0359375
2 0.459375 0.63359375 0.05625 0.0109375
0 0.64921875 0.76171875 0.0390625 0.1421875
0 0.78125 0.7578125 0.1359375 0.14375
8 0.7609375 0.66015625 0.2625 0.4015625