10 0.27578125 0.02734375 0.2609375 0.0546875
0 0.2296875 0.265625 0.121875 0.128125
0 0.3640625 0.24375 0.15625 0.11875
3 0.20390625 0.08984375 0.0765625 0.0609375
3 0.41875 0.05546875 0.046875 0.0671875
3 0.70234375 0.178125 0.2265625 0.35625
3 0.94765625 0.2859375 0.1046875 0.30625
10 0.4015625 0.509375 0.271875 0.140625
0 0.45703125 0.80859375 0.1171875 0.1390625
0 0.3421875 0.775 0.153125 0.11875
3 0.26953125 0.58359375 0.0578125 0.0609375
3 0.465625 0.609375 0.08125 0.065625
10 0.9328125 0.6421875 0.134375 0.1875
5 0.9421875 0.49140625 0.115625 0.0671875
8 0.90546875 0.7046875 0.1890625 0.503125
0 0.925 0.934375 0.0765625 0.0515625
3 0.86796875 0.75859375 0.0609375 0.0546875
7 0.9546875 0.53828125 0.0875 0.0296875