10 0.31953125 0.04296875 0.1609375 0.0859375
8 0.32109375 0.140625 0.2546875 0.28125
3 0.225 0.10625 0.0484375 0.05
3 0.41953125 0.10234375 0.0484375 0.0515625
0 0.25390625 0.24609375 0.0609375 0.040625
0 0.3546875 0.25 0.0796875 0.04375
10 0.13671875 0.68515625 0.2734375 0.2921875
5 0.09140625 0.4015625 0.1828125 0.090625
8 0.17578125 0.6765625 0.3515625 0.646875
10 0.77421875 0.43515625 0.1421875 0.2109375
0 0.76484375 0.884375 0.0421875 0.06875
0 0.81015625 0.8828125 0.0453125 0.06875
8 0.77421875 0.63671875 0.3015625 0.6140625