10 0.2953125 0.3078125 0.159375 0.140625
0 0.25703125 0.5140625 0.059375 0.08125
0 0.35 0.5203125 0.0671875 0.078125
5 0.28125 0.17890625 0.1015625 0.0375
5 0.30546875 0.359375 0.2734375 0.4015625
10 0.5515625 0.096875 0.103125 0.11875
0 0.59140625 0.278125 0.0609375 0.065625
0 0.51953125 0.27890625 0.0390625 0.0671875
3 0.61171875 0.1609375 0.0328125 0.040625
2 0.53203125 0.0109375 0.0609375 0.0125
0 0.6609375 0.86328125 0.128125 0.1578125
0 0.828125 0.83125 0.171875 0.15
8 0.72734375 0.84375 0.4546875 0.1875