10 0.23125 0.28203125 0.125 0.1078125
0 0.17734375 0.4421875 0.0390625 0.05625
0 0.25078125 0.45390625 0.0640625 0.0640625
5 0.23359375 0.1875 0.0796875 0.040625
3 0.1578125 0.3515625 0.034375 0.03125
3 0.29921875 0.35078125 0.0265625 0.0359375
2 0.24375 0.20546875 0.05625 0.0109375
5 0.709375 0.07421875 0.071875 0.1265625
10 0.72421875 0.33046875 0.1765625 0.1640625
8 0.7171875 0.2546875 0.3 0.509375
10 0.6875 0.596875 0.234375 0.175
0 0.60390625 0.87421875 0.1484375 0.1109375
0 0.75234375 0.91875 0.1953125 0.11875
3 0.68203125 0.7375 0.0859375 0.071875