10 0.21171875 0.06953125 0.2421875 0.1390625
0 0.13984375 0.3484375 0.0921875 0.13125
0 0.2875 0.33125 0.153125 0.121875
3 0.11640625 0.17109375 0.0734375 0.0578125
3 0.34609375 0.15078125 0.0453125 0.0609375
3 0.86953125 0.2953125 0.2609375 0.446875
10 0.25625 0.62421875 0.225 0.1828125
0 0.2390625 0.89765625 0.075 0.1046875
0 0.3625 0.89609375 0.09375 0.1078125
3 0.1671875 0.7453125 0.059375 0.053125
3 0.3796875 0.734375 0.05625 0.0625
10 0.94296875 0.8734375 0.1140625 0.21875
5 0.9609375 0.66484375 0.078125 0.0640625