10 0.46953125 0.0234375 0.2203125 0.046875
0 0.55859375 0.2578125 0.1203125 0.121875
0 0.4125 0.2234375 0.078125 0.109375
3 0.3546875 0.08125 0.059375 0.05625
3 0.6046875 0.06796875 0.05 0.0609375
10 0.78125 0.05625 0.24375 0.1125
0 0.69609375 0.35234375 0.0734375 0.1453125
0 0.85390625 0.34453125 0.121875 0.1484375
8 0.82109375 0.21875 0.3234375 0.4375
10 0.371875 0.65078125 0.296875 0.2640625
0 0.43203125 0.96328125 0.0921875 0.0734375
3 0.18125 0.82578125 0.08125 0.0765625
3 0.57890625 0.796875 0.0578125 0.075
8 0.8671875 0.64140625 0.265625 0.2453125
3 0.784375 0.5625 0.0640625 0.0625
0 0.921875 0.7515625 0.0953125 0.0546875
0 0.8125 0.7078125 0.08125 0.0640625