10 0.078125 0.159375 0.15625 0.1875
0 0.03671875 0.4265625 0.0734375 0.10625
0 0.15859375 0.425 0.0859375 0.103125
5 0.04140625 0.009375 0.0828125 0.01875
8 0.11015625 0.23984375 0.2203125 0.4796875
10 0.64765625 0.31015625 0.2203125 0.1859375
0 0.6234375 0.58203125 0.078125 0.1046875
0 0.753125 0.58203125 0.096875 0.1078125
5 0.62421875 0.1375 0.1203125 0.053125
3 0.55390625 0.4296875 0.0484375 0.05
3 0.771875 0.4203125 0.059375 0.05625
2 0.6265625 0.1703125 0.1 0.01875
3 0.34765625 0.909375 0.3640625 0.18125