10 0.0953125 0.13203125 0.190625 0.2390625
0 0.1609375 0.45390625 0.109375 0.0921875
0 0.028125 0.45546875 0.05625 0.0890625
8 0.12734375 0.25 0.2546875 0.5
10 0.72109375 0.08359375 0.2265625 0.1671875
8 0.71875 0.22734375 0.3375 0.4546875
0 0.80859375 0.42421875 0.115625 0.06875
0 0.6984375 0.41015625 0.09375 0.0578125
3 0.6046875 0.20390625 0.0859375 0.0734375
10 0.04140625 0.59765625 0.0828125 0.1328125
0 0.05625 0.80859375 0.071875 0.0734375
3 0.1078125 0.6828125 0.0375 0.04375
3 0.9765625 0.5953125 0.046875 0.0625
0 0.98828125 0.7625 0.0234375 0.059375