10 0.21484375 0.3609375 0.2109375 0.1875
5 0.20546875 0.190625 0.1328125 0.0625
3 0.38984375 0.46015625 0.0484375 0.0578125
3 0.096875 0.4828125 0.05625 0.05
2 0.22109375 0.22265625 0.0953125 0.0234375
10 0.74375 0.19375 0.125 0.109375
0 0.7484375 0.3625 0.046875 0.065625
0 0.68984375 0.3546875 0.0390625 0.059375
5 0.74609375 0.0953125 0.0828125 0.0375
2 0.7546875 0.115625 0.05625 0.0125
3 0.82421875 0.26171875 0.0265625 0.0296875
3 0.665625 0.2640625 0.034375 0.03125
10 0.4703125 0.57890625 0.15 0.0796875
0 0.4375 0.75859375 0.05625 0.0828125
0 0.48515625 0.74296875 0.0390625 0.0703125
3 0.57578125 0.62890625 0.0390625 0.0421875
3 0.36015625 0.6328125 0.0390625 0.040625
0 0.93828125 0.596875 0.1078125 0.0546875
0 0.8140625 0.58125 0.0796875 0.059375