10 0.4828125 0.0734375 0.234375 0.146875
0 0.40859375 0.31875 0.071875 0.115625
0 0.5453125 0.34765625 0.096875 0.0640625
8 0.44765625 0.18984375 0.3046875 0.3796875
10 0.77578125 0.04609375 0.1453125 0.0921875
8 0.77109375 0.15546875 0.2484375 0.3109375
0 0.7171875 0.23828125 0.10625 0.0515625
0 0.8015625 0.259375 0.0625 0.05625
3 0.8765625 0.1171875 0.0578125 0.059375
10 0.3109375 0.4890625 0.15 0.140625
0 0.25 0.67578125 0.078125 0.0703125
0 0.34453125 0.7046875 0.0609375 0.08125
3 0.2125 0.5703125 0.034375 0.04375
3 0.40234375 0.5796875 0.0484375 0.046875
2 0.2921875 0.38828125 0.0625 0.0171875
10 0.71171875 0.709375 0.2234375 0.259375
5 0.69453125 0.47734375 0.1890625 0.0765625
2 0.64765625 0.52578125 0.0953125 0.0203125
3 0.70078125 0.8921875 0.0859375 0.071875