10 0.06953125 0.22734375 0.1390625 0.1390625
0 0.12734375 0.4359375 0.0609375 0.08125
0 0.03125 0.434375 0.059375 0.078125
5 0.04765625 0.09921875 0.0828125 0.0390625
2 0.04765625 0.12265625 0.0765625 0.0171875
3 0.16953125 0.3109375 0.0421875 0.04375
10 0.653125 0.1625 0.159375 0.140625
0 0.615625 0.36875 0.059375 0.08125
0 0.70859375 0.375 0.0671875 0.078125
5 0.63984375 0.034375 0.1015625 0.0375
5 0.66328125 0.21484375 0.2734375 0.4015625
3 0.7640625 0.2453125 0.0375 0.046875
3 0.5703125 0.253125 0.040625 0.046875
2 0.64765625 0.059375 0.0640625 0.015625
10 0.134375 0.8703125 0.1828125 0.1734375
5 0.1515625 0.74375 0.1203125 0.071875
8 0.13671875 0.84921875 0.2734375 0.3015625
3 0.0265625 0.97734375 0.053125 0.0453125
3 0.2484375 0.97109375 0.0375 0.0578125
8 0.6875 0.72421875 0.296875 0.3703125
10 0.68125 0.571875 0.246875 0.065625
0 0.6875 0.83359375 0.196875 0.1265625
0 0.753125 0.79296875 0.128125 0.1140625