10 0.20859375 0.26953125 0.3109375 0.1609375
5 0.18359375 0.07578125 0.1734375 0.075
8 0.21796875 0.1875 0.4359375 0.325
8 0.88515625 0.175 0.2296875 0.35
3 0.834375 0.0703125 0.0984375 0.08125
10 0.4859375 0.459375 0.046875 0.1375
0 0.47578125 0.6625 0.046875 0.075
8 0.46328125 0.53046875 0.0921875 0.3609375
10 0.63359375 0.690625 0.2421875 0.325
5 0.64296875 0.39765625 0.2671875 0.0953125
2 0.6640625 0.45390625 0.15625 0.0328125
3 0.5453125 0.9328125 0.071875 0.09375
3 0.784375 0.82890625 0.0625 0.0796875