10 0.2265625 0.27578125 0.246875 0.2265625
5 0.2328125 0.0484375 0.2125 0.084375
2 0.21015625 0.103125 0.1453125 0.03125
8 0.7703125 0.19453125 0.459375 0.3890625
10 0.7546875 0.075 0.36875 0.15
0 0.87109375 0.35625 0.1953125 0.065625
10 0.09609375 0.434375 0.1921875 0.090625
8 0.1328125 0.56328125 0.265625 0.3484375
3 0.246875 0.4921875 0.0546875 0.0671875
0 0.03671875 0.68984375 0.0734375 0.0578125
0 0.1078125 0.6828125 0.1 0.0609375
5 0.49140625 0.48203125 0.0859375 0.0859375
10 0.51953125 0.73125 0.1640625 0.265625
8 0.540625 0.7078125 0.38125 0.584375