10 0.09765625 0.1828125 0.1953125 0.246875
2 0.06171875 0.0046875 0.1234375 0.009375
3 0.20625 0.340625 0.071875 0.075
10 0.80390625 0.03671875 0.1796875 0.0734375
8 0.80859375 0.15703125 0.2890625 0.3140625
3 0.7046875 0.08359375 0.065625 0.0625
0 0.846875 0.2765625 0.096875 0.05625
0 0.73125 0.22734375 0.071875 0.0578125
10 0.346875 0.63515625 0.14375 0.2078125
0 0.3390625 0.925 0.071875 0.1125
5 0.3765625 0.4515625 0.084375 0.06875
2 0.38828125 0.49375 0.0609375 0.025
3 0.26484375 0.78203125 0.0734375 0.0765625
10 0.8078125 0.45078125 0.18125 0.0828125
0 0.76015625 0.63125 0.0609375 0.078125
0 0.8515625 0.6625 0.071875 0.103125
3 0.7015625 0.51484375 0.046875 0.0484375
3 0.91640625 0.5109375 0.0453125 0.05