10 0.30546875 0.07578125 0.1515625 0.1515625
8 0.2546875 0.228125 0.30625 0.45625
3 0.2703125 0.1921875 0.084375 0.0671875
0 0.259375 0.421875 0.1859375 0.078125
0 0.34765625 0.37421875 0.146875 0.0546875
10 0.55546875 0.271875 0.0734375 0.23125
0 0.56171875 0.57421875 0.0859375 0.1109375
10 0.2640625 0.86171875 0.271875 0.2765625
5 0.26640625 0.6390625 0.2046875 0.01875
8 0.28359375 0.81484375 0.4203125 0.3703125
10 0.81171875 0.91796875 0.2453125 0.1640625
5 0.7890625 0.74765625 0.134375 0.0609375
2 0.79609375 0.7796875 0.1234375 0.028125