0 0.33984375 0.1484375 0.0203125 0.053125
3 0.325 0.06796875 0.028125 0.0265625
5 0.6046875 0.08046875 0.2125 0.0921875
10 0.61875 0.2953125 0.1703125 0.25
8 0.6359375 0.3421875 0.3875 0.653125
3 0.65703125 0.46328125 0.1359375 0.084375
0 0.76015625 0.65390625 0.1578125 0.0296875
7 0.57265625 0.1484375 0.096875 0.0546875
10 0.021875 0.87734375 0.04375 0.1421875
5 0.0140625 0.76484375 0.028125 0.0515625
8 0.04375 0.86484375 0.0875 0.2703125
3 0.0640625 0.95078125 0.04375 0.04375
10 0.7625 0.703125 0.153125 0.06875
0 0.7140625 0.8765625 0.05 0.078125
0 0.81328125 0.88203125 0.0703125 0.0734375
3 0.68046875 0.759375 0.0421875 0.04375
3 0.865625 0.75703125 0.0375 0.0453125