10 0.26171875 0.27265625 0.2421875 0.2296875
0 0.37421875 0.5578125 0.0890625 0.04375
0 0.23515625 0.553125 0.1171875 0.053125
5 0.24609375 0.065625 0.1671875 0.06875
2 0.23359375 0.1078125 0.1171875 0.025
3 0.15078125 0.4046875 0.0578125 0.065625
3 0.3859375 0.41484375 0.071875 0.0640625
0 0.9859375 0.3171875 0.028125 0.121875
3 0.95078125 0.14140625 0.0578125 0.0546875
10 0.58515625 0.78984375 0.2484375 0.4203125
10 0.07109375 0.79140625 0.1 0.396875
10 0.02734375 0.80703125 0.0546875 0.3421875
10 0.34921875 0.78984375 0.2984375 0.4203125
10 0.13046875 0.79140625 0.1484375 0.4171875
10 0.2203125 0.8015625 0.1375 0.396875
10 0.75859375 0.84453125 0.0984375 0.2140625
5 0.7234375 0.64453125 0.028125 0.0609375
3 0.81875 0.965625 0.04375 0.05625
2 0.7296875 0.684375 0.040625 0.01875