10 0.1203125 0.0796875 0.240625 0.159375
0 0.03984375 0.3703125 0.0796875 0.128125
0 0.1921875 0.3578125 0.121875 0.128125
3 0.01796875 0.1921875 0.0359375 0.053125
3 0.24375 0.175 0.05 0.059375
10 0.65859375 0.21171875 0.0984375 0.1765625
0 0.7046875 0.46875 0.0859375 0.1
8 0.690625 0.2765625 0.1625 0.496875
10 0.14609375 0.58046875 0.2140625 0.0609375
0 0.253125 0.77265625 0.090625 0.0953125
0 0.1359375 0.778125 0.071875 0.096875
3 0.0640625 0.6375 0.053125 0.046875
3 0.27109375 0.6203125 0.0546875 0.05625
10 0.7375 0.83046875 0.225 0.1828125
5 0.709375 0.665625 0.11875 0.053125
2 0.71171875 0.6953125 0.0953125 0.028125
3 0.6484375 0.9515625 0.059375 0.053125
3 0.8609375 0.940625 0.05625 0.0625