10 0.25 0.13203125 0.175 0.1484375
0 0.2328125 0.340625 0.075 0.05625
0 0.27421875 0.33515625 0.0453125 0.0671875
5 0.246875 0.00859375 0.090625 0.0171875
2 0.25546875 0.0234375 0.0828125 0.01875
3 0.1609375 0.23359375 0.046875 0.0546875
3 0.36484375 0.21953125 0.0421875 0.0515625
0 0.95 0.1296875 0.1 0.146875
8 0.89765625 0.13984375 0.2046875 0.2796875
10 0.340625 0.4609375 0.303125 0.184375
0 0.290625 0.7828125 0.1171875 0.146875
0 0.45546875 0.83125 0.1140625 0.175
8 0.34375 0.65078125 0.434375 0.5640625
10 0.65546875 0.65390625 0.0921875 0.1203125
0 0.61953125 0.84140625 0.0203125 0.0703125
0 0.65703125 0.82578125 0.0609375 0.0671875
5 0.6390625 0.55078125 0.059375 0.0484375
8 0.675 0.7046875 0.13125 0.353125