0 0.296875 0.11484375 0.078125 0.0734375
0 0.41640625 0.14296875 0.0890625 0.1015625
3 0.23984375 0.01015625 0.0453125 0.0203125
3 0.471875 0.0078125 0.046875 0.015625
10 0.74609375 0.16953125 0.1171875 0.1359375
0 0.68828125 0.378125 0.0890625 0.078125
0 0.79296875 0.38046875 0.1109375 0.0734375
5 0.75078125 0.0375 0.1015625 0.04375
3 0.68359375 0.2515625 0.0328125 0.0375
3 0.79609375 0.26640625 0.0546875 0.0515625
2 0.74140625 0.06484375 0.0828125 0.0109375
10 0.32421875 0.52421875 0.1609375 0.0484375
8 0.3234375 0.62265625 0.259375 0.2453125
0 0.296875 0.7125 0.0734375 0.0421875
0 0.38984375 0.721875 0.09375 0.040625
3 0.42421875 0.5609375 0.0375 0.046875
3 0.25 0.56640625 0.05 0.04375
10 0.6671875 0.85078125 0.234375 0.2984375
5 0.63671875 0.54765625 0.1734375 0.0953125
8 0.6796875 0.75 0.259375 0.5