10 0.2171875 0.1875 0.1953125 0.165625
0 0.24375 0.453125 0.075 0.1125
0 0.12109375 0.434375 0.096875 0.08125
5 0.2359375 0.04296875 0.1203125 0.06875
8 0.2125 0.25078125 0.35625 0.5015625
10 0.6390625 0.23203125 0.159375 0.2640625
0 0.67265625 0.60703125 0.096875 0.1515625
5 0.6109375 0.01796875 0.103125 0.0359375
8 0.67890625 0.34453125 0.2390625 0.6890625
10 0.33515625 0.75 0.2203125 0.121875
0 0.42421875 0.98046875 0.1203125 0.0390625
0 0.278125 0.96640625 0.078125 0.0671875
3 0.2203125 0.8453125 0.059375 0.05625
3 0.4703125 0.83203125 0.05 0.0609375
0 0.840625 0.93984375 0.109375 0.1203125
0 0.6890625 0.94140625 0.09375 0.1171875
8 0.7484375 0.84453125 0.371875 0.3109375