10 0.2515625 0.04453125 0.253125 0.0890625
0 0.1375 0.32734375 0.109375 0.1046875
0 0.271875 0.30703125 0.096875 0.1453125
3 0.07265625 0.12421875 0.0578125 0.0703125
3 0.45390625 0.12421875 0.0578125 0.0796875
0 0.97578125 0.1609375 0.0484375 0.06875
3 0.9078125 0.04609375 0.034375 0.0390625
10 0.4984375 0.821875 0.140625 0.31875
5 0.51015625 0.5375 0.0828125 0.078125
8 0.43515625 0.74140625 0.2671875 0.5171875
10 0.68984375 0.446875 0.1703125 0.134375
0 0.74375 0.65703125 0.0625 0.0859375
0 0.67734375 0.6625 0.0671875 0.084375
3 0.60390625 0.5390625 0.0515625 0.05
3 0.80546875 0.5265625 0.0359375 0.05