10 0.3484375 0.328125 0.1765625 0.228125
5 0.32109375 0.134375 0.18125 0.0890625
8 0.32890625 0.29375 0.3203125 0.43125
3 0.28984375 0.47109375 0.1078125 0.071875
3 0.4609375 0.44296875 0.0625 0.0671875
7 0.353125 0.18828125 0.0890625 0.0453125
3 0.87578125 0.21875 0.2484375 0.4375
8 0.2 0.62265625 0.3125 0.2265625
0 0.13984375 0.71171875 0.0796875 0.05
3 0.3125 0.53515625 0.0625 0.0515625
3 0.09921875 0.53515625 0.0578125 0.0515625
0 0.26015625 0.709375 0.0875 0.0546875
3 0.64765625 0.65703125 0.1171875 0.2953125
3 0.90859375 0.7890625 0.1828125 0.39375