10 0.028125 0.31328125 0.05625 0.1578125
0 0.03046875 0.56015625 0.0609375 0.0953125
5 0.01328125 0.17421875 0.0265625 0.0484375
3 0.07578125 0.41015625 0.0453125 0.0453125
10 0.66015625 0.20390625 0.1703125 0.1515625
0 0.71484375 0.42265625 0.0609375 0.0859375
0 0.64765625 0.428125 0.0671875 0.084375
5 0.6546875 0.06796875 0.096875 0.0453125
2 0.65625 0.09375 0.0875 0.015625
3 0.5734375 0.3078125 0.059375 0.053125
3 0.77578125 0.29296875 0.0390625 0.0484375
0 0.2546875 0.95234375 0.184375 0.0953125
0 0.38671875 0.97265625 0.1265625 0.0546875
3 0.35078125 0.8234375 0.0859375 0.071875
5 0.68046875 0.8359375 0.0734375 0.078125
10 0.70234375 0.9734375 0.1484375 0.053125
8 0.67265625 0.8859375 0.4421875 0.228125