10 0.44765625 0.115625 0.2703125 0.23125
0 0.47109375 0.44609375 0.1453125 0.0453125
0 0.3703125 0.42734375 0.18125 0.0828125
8 0.4390625 0.234375 0.4 0.46875
10 0.82578125 0.14375 0.2703125 0.25625
0 0.8703125 0.43828125 0.1 0.0609375
8 0.81953125 0.234375 0.3609375 0.46875
10 0.46328125 0.7 0.2203125 0.2
0 0.55234375 0.975 0.1203125 0.05
0 0.40625 0.9609375 0.078125 0.078125
5 0.47109375 0.5203125 0.1546875 0.071875
2 0.475 0.55625 0.125 0.01875
3 0.3484375 0.834375 0.059375 0.05625
3 0.5984375 0.82109375 0.05 0.0609375