10 0.38828125 0.17734375 0.1390625 0.1328125
0 0.3421875 0.3578125 0.053125 0.065625
0 0.40625 0.3734375 0.05625 0.075
5 0.396875 0.0625 0.08125 0.0375
2 0.4015625 0.08359375 0.059375 0.0140625
3 0.3171875 0.25625 0.040625 0.034375
3 0.47265625 0.259375 0.0296875 0.040625
0 0.9890625 0.3109375 0.021875 0.059375
3 0.9734375 0.2203125 0.034375 0.03125
10 0.3109375 0.5515625 0.284375 0.24375
0 0.2375 0.90234375 0.146875 0.1390625
0 0.3859375 0.928125 0.1 0.14375
8 0.3296875 0.71484375 0.41875 0.5703125
5 0.55703125 0.5609375 0.0359375 0.0625
10 0.56640625 0.775 0.0546875 0.265625