5 0.33828125 0.14765625 0.1296875 0.065625
10 0.36171875 0.30390625 0.2078125 0.1875
8 0.375 0.36328125 0.309375 0.5109375
3 0.271875 0.4125 0.0609375 0.05625
3 0.4890625 0.39921875 0.0703125 0.0625
0 0.35 0.5890625 0.0828125 0.0484375
0 0.47109375 0.58359375 0.084375 0.0546875
7 0.34296875 0.19140625 0.0734375 0.025
10 0.59140625 0.08515625 0.1234375 0.1703125
0 0.62890625 0.35703125 0.1171875 0.1140625
3 0.67578125 0.1859375 0.0515625 0.0625
3 0.07421875 0.78125 0.1484375 0.325
3 0.40703125 0.88828125 0.2453125 0.2234375
5 0.7515625 0.6328125 0.04375 0.028125
5 0.54765625 0.6421875 0.0359375 0.046875
8 0.58046875 0.890625 0.1015625 0.21875
8 0.75390625 0.809375 0.1171875 0.38125
8 0.55859375 0.703125 0.0578125 0.16875