10 0.43671875 0.1234375 0.2046875 0.209375
0 0.415625 0.4203125 0.125 0.078125
0 0.4953125 0.4125 0.0875 0.09375
3 0.4015625 0.26875 0.071875 0.0625
10 0.90625 0.08671875 0.1875 0.1734375
8 0.8625 0.2296875 0.275 0.459375
3 0.83359375 0.2015625 0.090625 0.06875
0 0.875 0.42890625 0.121875 0.0609375
0 0.95859375 0.403125 0.0828125 0.0625
10 0.4703125 0.58515625 0.1375 0.1890625
8 0.43984375 0.68125 0.1984375 0.44375
0 0.43671875 0.87890625 0.0796875 0.05
3 0.396875 0.7015625 0.0578125 0.053125
7 0.496875 0.48515625 0.0703125 0.03125
0 0.52578125 0.87578125 0.0265625 0.0546875
3 0.74140625 0.68359375 0.3828125 0.4484375