10 0.21484375 0.04453125 0.1328125 0.0890625
0 0.19765625 0.2109375 0.046875 0.06875
0 0.240625 0.2 0.05 0.05625
8 0.21171875 0.12421875 0.2234375 0.2484375
8 0.68515625 0.1046875 0.3390625 0.209375
0 0.61875 0.16171875 0.0875 0.0578125
0 0.696875 0.1546875 0.1 0.0609375
5 0.36953125 0.4296875 0.2078125 0.059375
10 0.39140625 0.63203125 0.178125 0.2515625
8 0.34921875 0.7 0.3203125 0.6
7 0.33515625 0.48203125 0.0953125 0.05
3 0.22578125 0.76875 0.0734375 0.0734375
3 0.41796875 0.79453125 0.1171875 0.09375
0 0.3328125 0.990625 0.2 0.01875
10 0.60546875 0.52265625 0.1921875 0.2265625
0 0.58828125 0.865625 0.1578125 0.13125
0 0.65546875 0.828125 0.1390625 0.109375
3 0.5921875 0.68515625 0.065625 0.0640625