10 0.0578125 0.0140625 0.109375 0.028125
0 0.0984375 0.12578125 0.05625 0.0578125
0 0.02421875 0.11171875 0.0421875 0.0453125
3 0.01640625 0.0375 0.0265625 0.028125
10 0.546875 0.01875 0.13125 0.0375
0 0.53203125 0.15546875 0.05625 0.0734375
0 0.5859375 0.15 0.059375 0.0625
8 0.54375 0.10078125 0.20625 0.2015625
8 0.07734375 0.775 0.1546875 0.45
10 0.51171875 0.72109375 0.1609375 0.1515625
5 0.50546875 0.5984375 0.1046875 0.05625
8 0.51171875 0.78046875 0.259375 0.428125
0 0.484375 0.9609375 0.0734375 0.0421875
0 0.57734375 0.9703125 0.09375 0.040625
3 0.61171875 0.809375 0.0375 0.046875
3 0.4375 0.81484375 0.05 0.04375
7 0.51328125 0.634375 0.0671875 0.0265625