10 0.08203125 0.02578125 0.1640625 0.0515625
0 0.0234375 0.21640625 0.046875 0.0953125
0 0.1234375 0.21484375 0.075 0.1015625
8 0.1046875 0.13515625 0.209375 0.2703125
10 0.66640625 0.1359375 0.1890625 0.175
0 0.70703125 0.39375 0.0671875 0.096875
0 0.58984375 0.3921875 0.0703125 0.096875
2 0.66484375 0.009375 0.0890625 0.01875
3 0.76875 0.24609375 0.053125 0.0515625
3 0.5578125 0.24296875 0.046875 0.0484375
10 0.328125 0.67421875 0.278125 0.2296875
0 0.259375 0.96953125 0.175 0.0609375
3 0.18359375 0.7921875 0.0609375 0.059375
3 0.3484375 0.8296875 0.090625 0.08125
0 0.646875 0.65625 0.078125 0.103125
0 0.76796875 0.6546875 0.0859375 0.1