10 0.075 0.4328125 0.15 0.165625
5 0.07109375 0.2890625 0.1203125 0.06875
3 0.19296875 0.54296875 0.0421875 0.0515625
2 0.06875 0.325 0.071875 0.015625
10 0.5125 0.0640625 0.15625 0.128125
0 0.53984375 0.26875 0.0703125 0.078125
0 0.446875 0.2671875 0.053125 0.075
3 0.41953125 0.1484375 0.0484375 0.040625
3 0.60625 0.1453125 0.0375 0.04375
10 0.271875 0.85078125 0.15625 0.1515625
5 0.26796875 0.728125 0.1046875 0.05625
8 0.246875 0.84765625 0.20625 0.3046875
3 0.2 0.94453125 0.05 0.04375
7 0.27578125 0.7640625 0.0671875 0.0265625