10 0.403125 0.19140625 0.2171875 0.2234375
5 0.3921875 0.0234375 0.1625 0.046875
8 0.390625 0.23984375 0.346875 0.4796875
3 0.3046875 0.33515625 0.084375 0.071875
3 0.534375 0.315625 0.0671875 0.0734375
7 0.41015625 0.06640625 0.109375 0.0359375
3 0.87265625 0.3921875 0.2546875 0.175
9 0.31640625 0.73984375 0.3546875 0.5203125
11 0.284375 0.6109375 0.2171875 0.246875
4 0.37421875 0.77734375 0.10625 0.090625
4 0.165625 0.74375 0.08125 0.08125
1 0.23359375 0.9625 0.1640625 0.075
1 0.3484375 0.97734375 0.15625 0.0453125
7 0.25703125 0.48515625 0.0859375 0.0109375
3 0.840625 0.89140625 0.303125 0.2171875