10 0.53125 0.228125 0.096875 0.096875
0 0.5515625 0.3765625 0.046875 0.053125
0 0.496875 0.37578125 0.0390625 0.0546875
5 0.54375 0.14140625 0.059375 0.0265625
8 0.51796875 0.2671875 0.1234375 0.28125
10 0.64453125 0.30234375 0.1296875 0.2609375
5 0.59921875 0.06796875 0.0390625 0.0765625
8 0.64921875 0.28984375 0.1390625 0.5203125
10 0.11953125 0.80703125 0.1890625 0.1671875
5 0.140625 0.66796875 0.11875 0.0703125
2 0.1421875 0.7046875 0.078125 0.015625
3 0.0140625 0.9171875 0.028125 0.05
3 0.2484375 0.9140625 0.0375 0.053125
10 0.9109375 0.7203125 0.121875 0.115625
0 0.8828125 0.9 0.059375 0.075
0 0.925 0.8890625 0.040625 0.05
5 0.91328125 0.62109375 0.0859375 0.0359375
2 0.915625 0.6375 0.0625 0.0125
3 0.83515625 0.7921875 0.0328125 0.0375
3 0.99453125 0.784375 0.0109375 0.034375