10 0.4046875 0.11171875 0.15625 0.1390625
0 0.43203125 0.321875 0.0703125 0.078125
0 0.3390625 0.3203125 0.053125 0.075
2 0.40703125 0.0078125 0.0765625 0.0125
3 0.31171875 0.2015625 0.0484375 0.040625
3 0.4984375 0.1984375 0.0375 0.04375
10 0.9078125 0.096875 0.184375 0.19375
0 0.90390625 0.47421875 0.1921875 0.1390625
0 0.878125 0.41015625 0.175 0.1265625
3 0.7453125 0.1984375 0.065625 0.065625
3 0.9859375 0.2390625 0.028125 0.0875
10 0.09765625 0.67578125 0.1359375 0.16875
5 0.1234375 0.5671875 0.125 0.015625
3 0.025 0.77734375 0.05 0.0609375
8 0.1125 0.76875 0.225 0.41875
10 0.97578125 0.78515625 0.0484375 0.1515625
3 0.95078125 0.8859375 0.0515625 0.05