10 0.08828125 0.04453125 0.1765625 0.0890625
0 0.05625 0.2625 0.084375 0.09375
0 0.1703125 0.26015625 0.084375 0.0984375
3 0.009375 0.12421875 0.01875 0.0640625
3 0.19375 0.1078125 0.05625 0.05625
10 0.66015625 0.11484375 0.196875 0.1875
8 0.659375 0.2140625 0.30625 0.428125
0 0.6203125 0.40625 0.0765625 0.0515625
0 0.74375 0.4078125 0.0734375 0.05
3 0.56328125 0.23046875 0.0609375 0.0546875
3 0.771875 0.228125 0.059375 0.05625
7 0.65 0.0125 0.0875 0.025
3 0.27890625 0.6453125 0.1421875 0.3125
3 0.56015625 0.76640625 0.3890625 0.4671875