8 0.059375 0.19609375 0.11875 0.3921875
3 0.025 0.1234375 0.05 0.059375
0 0.04375 0.3546875 0.0875 0.0625
0 0.05625 0.30625 0.1125 0.046875
10 0.853125 0.0453125 0.275 0.090625
0 0.93125 0.334375 0.096875 0.153125
0 0.77421875 0.3203125 0.121875 0.146875
8 0.825 0.2140625 0.35 0.428125
10 0.31953125 0.559375 0.1953125 0.11875
0 0.346875 0.8015625 0.075 0.1125
0 0.22421875 0.7828125 0.096875 0.08125
8 0.2984375 0.675 0.321875 0.35
10 0.56015625 0.73125 0.1359375 0.11875
0 0.61640625 0.9125 0.0609375 0.065625
0 0.54296875 0.91328125 0.0421875 0.0671875
5 0.54609375 0.6234375 0.0828125 0.0375
3 0.48828125 0.81171875 0.0421875 0.0359375
3 0.63671875 0.7953125 0.0328125 0.040625
2 0.55703125 0.6453125 0.0609375 0.0125