8 0.25703125 0.2375 0.3328125 0.475
10 0.2640625 0.09765625 0.253125 0.1953125
0 0.2015625 0.40546875 0.121875 0.13125
0 0.3484375 0.384375 0.1171875 0.115625
8 0.75 0.2546875 0.5 0.509375
10 0.11953125 0.5359375 0.1765625 0.053125
8 0.13515625 0.7546875 0.2703125 0.490625
3 0.05390625 0.59140625 0.0953125 0.071875
3 0.23671875 0.565625 0.0546875 0.065625
0 0.08125 0.81015625 0.1453125 0.0671875
0 0.18515625 0.77109375 0.178125 0.0609375
0 0.8390625 0.69453125 0.171875 0.1265625
0 0.93515625 0.659375 0.1296875 0.1125
3 0.840625 0.525 0.075 0.03125