10 0.33828125 0.15546875 0.2109375 0.1890625
0 0.2953125 0.4609375 0.075 0.128125
0 0.365625 0.40703125 0.071875 0.1046875
5 0.34921875 0.0109375 0.1328125 0.021875
8 0.35390625 0.27109375 0.3734375 0.5421875
10 0.884375 0.21015625 0.23125 0.2578125
0 0.8359375 0.5578125 0.109375 0.121875
0 0.971875 0.55625 0.05625 0.125
8 0.84609375 0.309375 0.3078125 0.61875
0 0.29375 0.78828125 0.228125 0.1234375
0 0.52890625 0.82421875 0.1859375 0.1203125
3 0.43984375 0.6515625 0.1046875 0.065625
0 0.75703125 0.75390625 0.109375 0.1203125
8 0.75 0.7203125 0.18125 0.203125