10 0.15625 0.0921875 0.278125 0.184375
0 0.0765625 0.415625 0.109375 0.15
0 0.24375 0.4234375 0.096875 0.140625
3 0.03125 0.215625 0.0625 0.075
3 0.30390625 0.21328125 0.0734375 0.0734375
10 0.76953125 0.1625 0.2203125 0.2
0 0.85859375 0.4734375 0.1203125 0.121875
0 0.7125 0.4390625 0.078125 0.109375
5 0.77734375 0.009375 0.1546875 0.01875
2 0.78125 0.01875 0.125 0.01875
3 0.6546875 0.296875 0.059375 0.05625
3 0.9046875 0.28359375 0.05 0.0609375
0 0.1140625 0.79140625 0.0625 0.0859375
0 0.04765625 0.796875 0.0671875 0.084375
3 0.17578125 0.6609375 0.0359375 0.05
10 0.696875 0.8171875 0.259375 0.284375
8 0.68203125 0.81484375 0.4265625 0.3703125