10 0.41953125 0.084375 0.0984375 0.16875
3 0.3578125 0.18671875 0.0671875 0.0609375
8 0.3953125 0.1796875 0.146875 0.359375
10 0.83671875 0.03359375 0.1609375 0.0671875
8 0.8171875 0.1796875 0.34375 0.359375
10 0.09140625 0.45078125 0.1828125 0.1828125
8 0.12109375 0.5890625 0.2421875 0.459375
3 0.0265625 0.571875 0.053125 0.06875
0 0.05859375 0.7671875 0.09375 0.0515625
0 0.17109375 0.7453125 0.1421875 0.0625
10 0.5546875 0.425 0.1375 0.13125
0 0.52578125 0.6140625 0.0609375 0.06875
0 0.628125 0.6265625 0.059375 0.08125
3 0.653125 0.5046875 0.0375 0.046875