10 0.4171875 0.0796875 0.18125 0.159375
0 0.36875 0.2984375 0.0609375 0.078125
0 0.4609375 0.3296875 0.071875 0.103125
8 0.3984375 0.196875 0.2625 0.39375
10 0.84453125 0.08984375 0.125 0.1078125
0 0.790625 0.25 0.0390625 0.05625
0 0.8640625 0.26171875 0.065625 0.0640625
5 0.84765625 0.00703125 0.0796875 0.0140625
8 0.8421875 0.15234375 0.203125 0.3046875
10 0.0890625 0.72890625 0.178125 0.2203125
8 0.128125 0.809375 0.25625 0.38125
10 0.634375 0.6953125 0.209375 0.153125
8 0.6484375 0.809375 0.2375 0.38125
3 0.6515625 0.81640625 0.078125 0.0625
0 0.70078125 0.98046875 0.1421875 0.0390625