10 0.25625 0.0859375 0.171875 0.15625
0 0.2875 0.315625 0.109375 0.0875
0 0.190625 0.31171875 0.059375 0.0828125
8 0.27265625 0.18359375 0.2984375 0.3671875
10 0.83046875 0.33984375 0.2296875 0.2265625
8 0.81171875 0.30703125 0.3484375 0.3859375
5 0.82578125 0.15078125 0.153125 0.078125
3 0.71328125 0.46875 0.0890625 0.0625
7 0.84296875 0.2046875 0.0890625 0.03125
10 0.37890625 0.65625 0.2703125 0.25625
0 0.425 0.96015625 0.1 0.0796875
3 0.18828125 0.81484375 0.0640625 0.0796875
10 0.89453125 0.6828125 0.2109375 0.25
0 0.8484375 0.98203125 0.109375 0.0359375
2 0.9296875 0.50390625 0.140625 0.0078125
3 0.7921875 0.8390625 0.084375 0.075