10 0.2453125 0.14140625 0.196875 0.1828125
8 0.2421875 0.125 0.31875 0.25
3 0.121875 0.23203125 0.059375 0.0359375
3 0.36796875 0.22890625 0.0546875 0.0421875
7 0.25234375 0.0328125 0.075 0.0265625
3 0.9546875 0.1671875 0.034375 0.04375
10 0.45859375 0.3125 0.1015625 0.121875
0 0.459375 0.49140625 0.05625 0.0734375
0 0.49609375 0.4859375 0.0265625 0.0625
3 0.39296875 0.39375 0.0328125 0.03125
10 0.59921875 0.57421875 0.1765625 0.3046875
5 0.6015625 0.290625 0.0875 0.08125
8 0.63125 0.6328125 0.24375 0.734375