10 0.37109375 0.17890625 0.2125 0.23125
5 0.34921875 0.015625 0.1671875 0.03125
3 0.28046875 0.3234375 0.0875 0.0734375
8 0.34453125 0.225 0.3109375 0.45
3 0.48671875 0.3 0.0265625 0.071875
7 0.37578125 0.0484375 0.096875 0.040625
10 0.9015625 0.225 0.196875 0.45
10 0.6953125 0.225 0.29375 0.45
10 0.525 0.234375 0.05 0.43125
10 0.56796875 0.246875 0.1328125 0.40625
3 0.33125 0.5484375 0.3375 0.196875
8 0.8546875 0.725 0.290625 0.55
10 0.85078125 0.65078125 0.2609375 0.2203125
0 0.82890625 0.95234375 0.1359375 0.0953125
0 0.93046875 0.93515625 0.1390625 0.1109375
5 0.85 0.4671875 0.153125 0.034375