3 0.29453125 0.39296875 0.0109375 0.0515625
10 0.5515625 0.24140625 0.146875 0.1359375
0 0.590625 0.44921875 0.059375 0.0796875
0 0.49375 0.44609375 0.05625 0.0796875
5 0.55 0.11015625 0.0875 0.0359375
3 0.4609375 0.3265625 0.040625 0.04375
3 0.64765625 0.3265625 0.0390625 0.04375
2 0.5515625 0.13515625 0.075 0.0171875
8 0.25078125 0.7578125 0.0984375 0.378125
10 0.759375 0.63359375 0.25625 0.1296875
0 0.75859375 0.92890625 0.1859375 0.1140625
0 0.7359375 0.878125 0.165625 0.1015625
8 0.7359375 0.784375 0.353125 0.43125