10 0.1453125 0.33828125 0.228125 0.2203125
0 0.059375 0.68828125 0.09375 0.1453125
0 0.15625 0.65859375 0.1125 0.1234375
5 0.1515625 0.12890625 0.153125 0.0671875
2 0.1609375 0.17265625 0.128125 0.0265625
3 0.0328125 0.49375 0.065625 0.065625
3 0.29921875 0.46953125 0.0515625 0.0671875
0 0.6578125 0.72421875 0.015625 0.0859375
8 0.721875 0.40078125 0.14375 0.8015625
10 0.22265625 0.86875 0.2609375 0.11875
3 0.06875 0.97421875 0.103125 0.0515625
3 0.371875 0.9203125 0.05 0.075
0 0.78125 0.9125 0.075 0.0875
0 0.821875 0.89296875 0.0453125 0.0703125
8 0.81875 0.884375 0.278125 0.15