10 0.1921875 0.25390625 0.2203125 0.2359375
5 0.18671875 0.04296875 0.1671875 0.071875
8 0.18359375 0.24296875 0.3640625 0.4734375
10 0.71875 0.13125 0.15 0.140625
0 0.66796875 0.31796875 0.0578125 0.0703125
0 0.75234375 0.346875 0.0609375 0.08125
5 0.7203125 0.01171875 0.10625 0.0234375
3 0.8109375 0.2203125 0.05 0.046875
2 0.70234375 0.0265625 0.0703125 0.015625
10 0.38828125 0.63515625 0.1609375 0.1515625
5 0.38203125 0.5125 0.1046875 0.05625
8 0.38828125 0.69453125 0.259375 0.428125
0 0.3609375 0.875 0.0734375 0.0421875
0 0.45390625 0.884375 0.09375 0.040625
3 0.48828125 0.7234375 0.0375 0.046875
3 0.3140625 0.72890625 0.05 0.04375
7 0.38984375 0.5484375 0.0671875 0.0265625
10 0.9203125 0.7328125 0.159375 0.19375
0 0.9734375 0.9625 0.053125 0.075
0 0.9140625 0.9828125 0.09375 0.034375
5 0.93515625 0.553125 0.1296875 0.06875
8 0.89765625 0.7578125 0.2046875 0.484375