8 0.3140625 0.1234375 0.209375 0.246875
0 0.33515625 0.1640625 0.1671875 0.1375
0 0.3828125 0.12265625 0.071875 0.1078125
10 0.34140625 0.47578125 0.1546875 0.1328125
0 0.31328125 0.73046875 0.0703125 0.1109375
0 0.3671875 0.70390625 0.05625 0.0921875
8 0.31015625 0.6046875 0.2171875 0.390625
10 0.8484375 0.603125 0.246875 0.2625
0 0.675 0.92578125 0.228125 0.1234375
0 0.90859375 0.95078125 0.1828125 0.0984375
3 0.82109375 0.78046875 0.1046875 0.0828125
2 0.80703125 0.41640625 0.0921875 0.0140625