10 0.2984375 0.103125 0.125 0.109375
0 0.303125 0.271875 0.046875 0.065625
0 0.24453125 0.2640625 0.0390625 0.059375
5 0.30078125 0.01171875 0.0828125 0.0234375
2 0.309375 0.025 0.05625 0.0125
3 0.37734375 0.17109375 0.0234375 0.0296875
3 0.2203125 0.1734375 0.034375 0.03125
10 0.65625 0.1140625 0.265625 0.228125
0 0.74296875 0.45078125 0.0953125 0.1296875
0 0.596875 0.45078125 0.096875 0.1265625
8 0.659375 0.26484375 0.39375 0.5296875
0 0.034375 0.76328125 0.06875 0.1265625
0 0.05 0.72265625 0.1 0.1140625
3 0.0140625 0.5890625 0.028125 0.0625
10 0.515625 0.58125 0.153125 0.103125
0 0.4890625 0.75546875 0.0609375 0.0734375
0 0.56171875 0.75859375 0.0609375 0.0765625
8 0.51015625 0.67265625 0.2171875 0.2859375