0 0.28984375 0.13671875 0.109375 0.1390625
0 0.45390625 0.14453125 0.096875 0.1515625
8 0.3671875 0.1171875 0.425 0.234375
10 0.634375 0.12890625 0.109375 0.2578125
3 0.7296875 0.27578125 0.065625 0.0921875
10 0.1953125 0.54609375 0.109375 0.0921875
0 0.23515625 0.68984375 0.05625 0.0578125
0 0.16171875 0.67578125 0.0421875 0.0453125
5 0.1984375 0.46328125 0.0625 0.03125
8 0.196875 0.58359375 0.1484375 0.2796875
10 0.86015625 0.80390625 0.2296875 0.2265625
8 0.83359375 0.7890625 0.3328125 0.421875
5 0.85546875 0.61484375 0.153125 0.078125
3 0.74375 0.94296875 0.0890625 0.0828125
7 0.87265625 0.66875 0.0890625 0.03125