5 0.221875 0.14296875 0.1921875 0.09375
10 0.234375 0.35390625 0.2484375 0.246875
8 0.2359375 0.34140625 0.3 0.4765625
3 0.2703125 0.52109375 0.078125 0.0625
7 0.28203125 0.20390625 0.06875 0.040625
8 0.953125 0.2625 0.09375 0.525
0 0.95625 0.46640625 0.0875 0.0546875
10 0.41796875 0.79609375 0.1421875 0.1203125
0 0.3859375 0.97421875 0.059375 0.0515625
0 0.44296875 0.9671875 0.0609375 0.065625
5 0.40703125 0.69296875 0.0953125 0.0484375
2 0.4125 0.715625 0.059375 0.0125
3 0.3328125 0.8796875 0.040625 0.03125
3 0.49921875 0.86875 0.0265625 0.040625
10 0.859375 0.68046875 0.28125 0.2015625
8 0.85078125 0.78984375 0.2984375 0.4203125