10 0.35078125 0.36875 0.1171875 0.25
5 0.37578125 0.13984375 0.0671875 0.0765625
3 0.26875 0.528125 0.075 0.065625
8 0.784375 0.31796875 0.296875 0.6359375
10 0.778125 0.215625 0.246875 0.23125
0 0.784375 0.56015625 0.196875 0.1265625
0 0.85 0.51953125 0.128125 0.1140625
5 0.76171875 0.01875 0.1859375 0.0375
0 0.2640625 0.69765625 0.05 0.0578125
0 0.19140625 0.6875 0.0359375 0.046875
10 0.8890625 0.97109375 0.221875 0.0578125
5 0.91328125 0.8515625 0.146875 0.071875
8 0.85390625 0.90625 0.2921875 0.1875