10 0.359375 0.053125 0.159375 0.10625
3 0.4125 0.14375 0.053125 0.06875
8 0.34140625 0.184375 0.1953125 0.36875
0 0.38046875 0.35078125 0.1171875 0.0359375
10 0.8703125 0.05234375 0.259375 0.1046875
0 0.89765625 0.3390625 0.1703125 0.059375
0 0.80703125 0.30859375 0.0609375 0.1203125
3 0.73046875 0.1453125 0.0890625 0.06875
10 0.1203125 0.46640625 0.240625 0.1953125
0 0.1171875 0.79375 0.178125 0.13125
0 0.19453125 0.75625 0.1390625 0.109375
3 0.13203125 0.61171875 0.0734375 0.0578125
10 0.7640625 0.7203125 0.2890625 0.2625
5 0.7515625 0.47890625 0.1671875 0.075
8 0.7640625 0.72265625 0.4375 0.5546875