10 0.2171875 0.30625 0.1875 0.159375
0 0.1578125 0.490625 0.0625 0.01875
5 0.23359375 0.17265625 0.1203125 0.06875
8 0.215625 0.315625 0.290625 0.36875
0 0.68125 0.246875 0.103125 0.13125
0 0.5640625 0.23359375 0.10625 0.1234375
3 0.49765625 0.07578125 0.0359375 0.0546875
3 0.73984375 0.0421875 0.0453125 0.053125
0 0.465625 0.6125 0.028125 0.0875
0 0.403125 0.59375 0.059375 0.078125
10 0.70078125 0.6671875 0.1453125 0.1375
0 0.640625 0.8703125 0.046875 0.075
0 0.70234375 0.86328125 0.0640625 0.0734375
5 0.71484375 0.54765625 0.0890625 0.0328125
2 0.71875 0.56640625 0.0625 0.0171875
3 0.61640625 0.74765625 0.0421875 0.0390625
3 0.78828125 0.74921875 0.0296875 0.0421875