10 0.14609375 0.05078125 0.1828125 0.1015625
8 0.14296875 0.2296875 0.2859375 0.459375
3 0.07578125 0.128125 0.0984375 0.0703125
3 0.26640625 0.10703125 0.05625 0.06875
0 0.21171875 0.31328125 0.1609375 0.053125
0 0.09921875 0.34140625 0.1375 0.06875
8 0.846875 0.21796875 0.30625 0.4359375
0 0.81484375 0.15078125 0.1484375 0.0734375
0 0.92265625 0.11484375 0.1546875 0.0515625
5 0.1484375 0.5 0.1328125 0.06875
10 0.171875 0.6609375 0.2125 0.19375
8 0.184375 0.7234375 0.3265625 0.5234375
3 0.30390625 0.7609375 0.065625 0.065625
0 0.1640625 0.9578125 0.0765625 0.05
3 0.08359375 0.77421875 0.0671875 0.053125
0 0.2984375 0.95546875 0.0734375 0.0359375
7 0.1546875 0.5453125 0.0796875 0.028125
10 0.71953125 0.6828125 0.1796875 0.2265625
5 0.6921875 0.4953125 0.178125 0.071875
8 0.7078125 0.7296875 0.309375 0.540625
3 0.646875 0.8203125 0.103125 0.0703125
7 0.73125 0.54921875 0.0921875 0.046875
3 0.83515625 0.79609375 0.05625 0.0625
0 0.78359375 0.9890625 0.1578125 0.021875