0 0.171875 0.0984375 0.075 0.078125
0 0.07265625 0.09765625 0.0609375 0.0765625
10 0.9078125 0.30390625 0.184375 0.1828125
8 0.87578125 0.32890625 0.2484375 0.4421875
5 0.915625 0.1421875 0.1265625 0.0546875
3 0.79140625 0.40625 0.059375 0.059375
0 0.828125 0.53203125 0.084375 0.0359375
7 0.92109375 0.1953125 0.075 0.0265625
10 0.23515625 0.90390625 0.2359375 0.1921875
5 0.25703125 0.71640625 0.1359375 0.0609375
2 0.259375 0.7546875 0.115625 0.025
0 0.759375 0.86171875 0.128125 0.1578125
0 0.9203125 0.8296875 0.159375 0.15
8 0.78671875 0.74296875 0.4265625 0.3859375