10 0.34375 0.065625 0.2125 0.13125
0 0.36484375 0.4015625 0.1703125 0.14375
0 0.3421875 0.33203125 0.184375 0.1453125
3 0.35390625 0.17265625 0.0828125 0.0859375
10 0.8796875 0.13828125 0.240625 0.2140625
0 0.9640625 0.45390625 0.071875 0.1265625
0 0.82578125 0.4484375 0.0921875 0.121875
3 0.75703125 0.2703125 0.0578125 0.059375
3 0.990625 0.2703125 0.01875 0.0625
10 0.4234375 0.64296875 0.053125 0.1484375
0 0.42734375 0.88203125 0.0453125 0.0953125
8 0.39921875 0.75234375 0.1015625 0.3671875
10 0.628125 0.63046875 0.253125 0.1234375
0 0.565625 0.903125 0.121875 0.13125
0 0.71328125 0.88125 0.1171875 0.115625
3 0.7703125 0.70078125 0.046875 0.0640625
3 0.54765625 0.728125 0.0734375 0.053125