0 0.23125 0.11484375 0.071875 0.1140625
0 0.115625 0.08046875 0.059375 0.0765625
8 0.19296875 0.0953125 0.3265625 0.190625
10 0.68046875 0.296875 0.2109375 0.065625
5 0.6703125 0.18671875 0.1328125 0.0625
8 0.71640625 0.23671875 0.3546875 0.1859375
10 0.31953125 0.6296875 0.2109375 0.1875
0 0.29453125 0.93359375 0.0953125 0.1234375
0 0.3375 0.87890625 0.059375 0.0921875
5 0.309375 0.45859375 0.1328125 0.0625
8 0.340625 0.7078125 0.384375 0.584375
10 0.70390625 0.53984375 0.303125 0.2734375
0 0.6859375 0.9125 0.1171875 0.146875
0 0.846875 0.93984375 0.121875 0.1203125
8 0.73671875 0.66484375 0.3953125 0.6703125