10 0.8171875 0.19453125 0.2375 0.2546875
0 0.6859375 0.484375 0.2 0.06875
3 0.8015625 0.38125 0.084375 0.0875
2 0.753125 0.009375 0.103125 0.01875
10 0.1953125 0.753125 0.171875 0.15625
0 0.2265625 0.96953125 0.109375 0.0609375
0 0.1296875 0.96875 0.059375 0.0625
5 0.2203125 0.62265625 0.1125 0.046875
8 0.2109375 0.7953125 0.296875 0.409375
10 0.653125 0.83671875 0.25625 0.2640625
5 0.67109375 0.6015625 0.2015625 0.084375
3 0.51796875 0.97578125 0.0921875 0.0484375
2 0.6234375 0.6421875 0.1 0.028125