0 0.1859375 0.22734375 0.075 0.1203125
0 0.33203125 0.22421875 0.1171875 0.1140625
3 0.1390625 0.06953125 0.065625 0.0546875
3 0.37890625 0.053125 0.0515625 0.0625
10 0.8875 0.03125 0.225 0.0625
0 0.971875 0.27109375 0.05625 0.1265625
0 0.84140625 0.265625 0.0921875 0.121875
3 0.77265625 0.0875 0.0578125 0.059375
10 0.3828125 0.7484375 0.453125 0.503125
10 0.0984375 0.7875 0.196875 0.425
10 0.9046875 0.553125 0.190625 0.146875
0 0.896875 0.80546875 0.078125 0.1046875
0 0.98828125 0.80546875 0.0234375 0.1078125
8 0.8796875 0.6796875 0.240625 0.4