10 0.30390625 0.05859375 0.2890625 0.1171875
0 0.2390625 0.353125 0.103125 0.15
0 0.40859375 0.35234375 0.103125 0.1453125
8 0.3046875 0.221875 0.4375 0.44375
10 0.9125 0.0265625 0.15 0.053125
0 0.86015625 0.20078125 0.0890625 0.0828125
0 0.946875 0.190625 0.059375 0.075
3 0.82578125 0.06953125 0.0390625 0.0390625
3 0.98203125 0.07421875 0.0359375 0.0484375
10 0.48046875 0.78984375 0.2171875 0.2546875
2 0.5515625 0.60703125 0.075 0.0140625
3 0.3625 0.95703125 0.0875 0.0703125
0 0.60234375 0.91328125 0.0265625 0.1515625
0 0.7359375 0.90078125 0.115625 0.1421875
8 0.74140625 0.79609375 0.3046875 0.3921875