10 0.0859375 0.0640625 0.171875 0.128125
8 0.1125 0.29609375 0.225 0.5921875
3 0.03984375 0.15625 0.0796875 0.071875
3 0.196875 0.12890625 0.0625 0.0671875
0 0.06484375 0.37421875 0.1296875 0.0703125
0 0.15 0.34375 0.1609375 0.0453125
10 0.93125 0.15859375 0.1375 0.1765625
0 0.9109375 0.41171875 0.078125 0.0953125
5 0.9453125 0.01328125 0.109375 0.0265625
3 0.86328125 0.26875 0.0515625 0.04375
2 0.95234375 0.03125 0.0953125 0.015625
3 0.06875 0.7875 0.1375 0.296875
3 0.3375 0.83359375 0.24375 0.3328125
3 0.66328125 0.80859375 0.4078125 0.3390625