10 0.3203125 0.09765625 0.15 0.1453125
0 0.26796875 0.31796875 0.0890625 0.0828125
0 0.3546875 0.3078125 0.059375 0.075
3 0.23359375 0.18671875 0.0390625 0.0390625
3 0.3953125 0.19140625 0.046875 0.0484375
10 0.9796875 0.2515625 0.040625 0.109375
0 0.96796875 0.4125 0.0390625 0.059375
5 0.99140625 0.153125 0.0171875 0.0375
3 0.94375 0.321875 0.034375 0.03125
10 0.36484375 0.59765625 0.2109375 0.1171875
0 0.321875 0.8671875 0.075 0.128125
0 0.3921875 0.81328125 0.071875 0.1046875
8 0.38046875 0.74375 0.3734375 0.409375
0 0.978125 0.8171875 0.04375 0.10625
8 0.9421875 0.70546875 0.115625 0.3328125