10 0.2296875 0.23515625 0.271875 0.2546875
0 0.16015625 0.528125 0.0609375 0.04375
5 0.240625 0.01796875 0.2 0.0359375
2 0.2734375 0.046875 0.1375 0.021875
3 0.08359375 0.403125 0.0890625 0.06875
3 0.47421875 0.3734375 0.0703125 0.084375
10 0.678125 0.07265625 0.171875 0.1453125
0 0.709375 0.296875 0.109375 0.0875
0 0.6125 0.29296875 0.059375 0.0828125
3 0.57578125 0.16484375 0.0515625 0.0421875
3 0.81171875 0.15859375 0.0328125 0.0484375
10 0.0203125 0.85390625 0.040625 0.1390625
8 0.05 0.85234375 0.1 0.2953125
10 0.59140625 0.5921875 0.1453125 0.084375
8 0.61484375 0.7015625 0.1921875 0.303125
0 0.55234375 0.78046875 0.0671875 0.0515625
0 0.6171875 0.8015625 0.0625 0.05625
3 0.6921875 0.659375 0.0578125 0.059375