8 0.46640625 0.22578125 0.2453125 0.4515625
3 0.45078125 0.0265625 0.0890625 0.053125
0 0.4921875 0.246875 0.121875 0.065625
0 0.5640625 0.221875 0.05 0.0625
3 0.78828125 0.328125 0.3640625 0.34375
10 0.20625 0.70390625 0.271875 0.2234375
0 0.18359375 0.97734375 0.1140625 0.0453125
0 0.29375 0.96875 0.153125 0.0625
5 0.20703125 0.51796875 0.1546875 0.0359375
3 0.1671875 0.85 0.071875 0.05625
3 0.35546875 0.81640625 0.0421875 0.0640625
2 0.24140625 0.5421875 0.1078125 0.01875
3 0.7125 0.80078125 0.246875 0.3015625