10 0.2421875 0.371875 0.3 0.259375
5 0.21875 0.13046875 0.16875 0.071875
8 0.2421875 0.3328125 0.421875 0.471875
10 0.60234375 0.08984375 0.1453125 0.1796875
0 0.5921875 0.5453125 0.05625 0.046875
0 0.65078125 0.5453125 0.0578125 0.046875
8 0.73203125 0.284375 0.4046875 0.56875
10 0.07265625 0.67421875 0.1453125 0.1546875
0 0.03203125 0.9046875 0.0640625 0.084375
0 0.1171875 0.90703125 0.06875 0.0859375
8 0.11015625 0.76875 0.2203125 0.4
8 0.63203125 0.76953125 0.2046875 0.4015625
10 0.61796875 0.62265625 0.1765625 0.1078125
0 0.61328125 0.934375 0.1671875 0.059375
0 0.66796875 0.89375 0.1296875 0.053125
3 0.61640625 0.71171875 0.0890625 0.071875