10 0.128125 0.07265625 0.15 0.1421875
0 0.14296875 0.2796875 0.075 0.078125
0 0.04453125 0.27890625 0.0609375 0.0765625
8 0.12890625 0.16484375 0.2578125 0.3296875
10 0.88515625 0.03203125 0.2296875 0.0640625
0 0.9078125 0.29375 0.178125 0.13125
0 0.9578125 0.25625 0.084375 0.109375
3 0.921875 0.11328125 0.065625 0.0640625
8 0.1890625 0.73984375 0.378125 0.5203125
10 0.14921875 0.62578125 0.2984375 0.2921875
0 0.23046875 0.97265625 0.1953125 0.0546875
10 0.5734375 0.5890625 0.121875 0.115625
0 0.5453125 0.76875 0.059375 0.075
0 0.5875 0.7578125 0.040625 0.05
5 0.57578125 0.49375 0.0859375 0.028125
2 0.578125 0.50625 0.0625 0.0125
3 0.49765625 0.6609375 0.0328125 0.0375
3 0.665625 0.653125 0.028125 0.034375