10 0.15 0.28203125 0.25 0.2515625
0 0.08359375 0.675 0.1671875 0.128125
0 0.20546875 0.62890625 0.0890625 0.1140625
5 0.090625 0.05078125 0.18125 0.0734375
3 0.14453125 0.453125 0.0921875 0.08125
2 0.05390625 0.10078125 0.1078125 0.0328125
10 0.803125 0.1125 0.146875 0.1375
0 0.74296875 0.315625 0.046875 0.075
0 0.8046875 0.30859375 0.0640625 0.0734375
5 0.81796875 0.00390625 0.0890625 0.0078125
8 0.7984375 0.18203125 0.228125 0.3640625
5 0.37265625 0.81484375 0.0546875 0.0953125
8 0.334375 0.87578125 0.13125 0.2484375
7 0.38359375 0.884375 0.0328125 0.05
0 0.85859375 0.7828125 0.1859375 0.0875
0 0.8359375 0.7546875 0.165625 0.03125