10 0.084375 0.265625 0.16875 0.2125
5 0.06484375 0.06171875 0.1296875 0.0640625
2 0.0796875 0.103125 0.11875 0.028125
3 0.18046875 0.3734375 0.0421875 0.053125
10 0.81015625 0.31796875 0.2453125 0.1640625
5 0.79609375 0.14296875 0.1453125 0.0640625
2 0.80546875 0.1828125 0.1140625 0.025
10 0.4328125 0.4609375 0.2125 0.121875
3 0.32421875 0.5484375 0.0859375 0.0734375
8 0.39296875 0.6140625 0.2921875 0.428125
0 0.378125 0.7765625 0.09375 0.0609375
0 0.4953125 0.75859375 0.0875 0.0671875
8 0.66875 0.640625 0.259375 0.48125
10 0.646875 0.5015625 0.215625 0.203125
0 0.584375 0.8171875 0.090625 0.134375
0 0.7078125 0.79453125 0.1390625 0.1203125