10 0.265625 0.103125 0.159375 0.140625
0 0.228125 0.284375 0.059375 0.03125
0 0.32109375 0.28828125 0.0671875 0.0234375
5 0.27578125 0.15 0.2734375 0.3
3 0.3765625 0.1859375 0.0375 0.046875
3 0.1828125 0.19375 0.040625 0.046875
2 0.26015625 0.00390625 0.0640625 0.0078125
10 0.90703125 0.05078125 0.1296875 0.1015625
0 0.95703125 0.215625 0.059375 0.06875
0 0.8765625 0.203125 0.046875 0.059375
8 0.90546875 0.128125 0.1890625 0.25625
10 0.04375 0.6328125 0.0875 0.215625
0 0.040625 0.9546875 0.08125 0.090625
5 0.03046875 0.434375 0.0609375 0.071875
2 0.01875 0.4765625 0.0375 0.025
3 0.13046875 0.76015625 0.0421875 0.0703125
10 0.71015625 0.58984375 0.1890625 0.1796875
0 0.678125 0.86953125 0.071875 0.1078125
0 0.7359375 0.83828125 0.05625 0.0859375
5 0.7140625 0.421875 0.128125 0.05625
2 0.72265625 0.4515625 0.0890625 0.025
3 0.59609375 0.7046875 0.0546875 0.053125
3 0.83671875 0.69140625 0.0421875 0.0546875