5 0.028125 0.203125 0.05625 0.09375
8 0.09921875 0.29765625 0.1984375 0.2640625
10 0.846875 0.2046875 0.159375 0.146875
0 0.90078125 0.40859375 0.1171875 0.0421875
0 0.78203125 0.4046875 0.0546875 0.05
5 0.84765625 0.06796875 0.1078125 0.0453125
2 0.85390625 0.096875 0.0796875 0.0125
3 0.76015625 0.30078125 0.0484375 0.0390625
3 0.95078125 0.290625 0.0390625 0.046875
10 0.05 0.49296875 0.1 0.1265625
0 0.08046875 0.76484375 0.1609375 0.1171875
3 0.02421875 0.615625 0.0484375 0.0875
10 0.83828125 0.63046875 0.2609375 0.2265625
0 0.8453125 0.95390625 0.178125 0.0921875
0 0.92265625 0.9359375 0.1390625 0.109375
5 0.83359375 0.440625 0.1765625 0.021875
2 0.9 0.4578125 0.05 0.021875
3 0.86015625 0.79140625 0.0734375 0.0578125