10 0.2703125 0.1046875 0.253125 0.209375
0 0.15625 0.42265625 0.109375 0.0546875
0 0.2890625 0.40234375 0.096875 0.0953125
8 0.278125 0.225 0.48125 0.45
0 0.93984375 0.196875 0.05625 0.08125
8 0.93984375 0.1484375 0.1203125 0.296875
10 0.553125 0.4796875 0.15 0.059375
0 0.4921875 0.62578125 0.078125 0.0703125
0 0.58671875 0.6546875 0.0609375 0.08125
3 0.45625 0.52109375 0.0375 0.0421875
3 0.64453125 0.528125 0.0484375 0.046875
10 0.778125 0.51171875 0.171875 0.1234375
0 0.809375 0.725 0.109375 0.0875
0 0.7125 0.72109375 0.059375 0.0828125
3 0.6859375 0.5953125 0.034375 0.040625
3 0.90859375 0.5890625 0.0359375 0.046875