10 0.09375 0.37109375 0.1875 0.1890625
5 0.09296875 0.20546875 0.1328125 0.0640625
8 0.1421875 0.34609375 0.284375 0.3453125
0 0.728125 0.134375 0.05 0.078125
0 0.8265625 0.13984375 0.071875 0.0734375
8 0.784375 0.09296875 0.265625 0.1859375
5 0.13359375 0.52890625 0.0765625 0.0203125
10 0.15234375 0.7234375 0.1515625 0.228125
8 0.15703125 0.759375 0.2734375 0.48125
10 0.64140625 0.61796875 0.2265625 0.1984375
8 0.64765625 0.75859375 0.3578125 0.4796875
0 0.73046875 0.9375 0.1125 0.0640625
0 0.590625 0.9484375 0.0984375 0.0640625
3 0.5328125 0.74375 0.0796875 0.06875
3 0.778125 0.7359375 0.0625 0.0609375