10 0.05390625 0.1734375 0.1078125 0.140625
0 0.01015625 0.3796875 0.0203125 0.08125
0 0.08359375 0.3859375 0.0671875 0.078125
5 0.0328125 0.0453125 0.065625 0.0375
5 0.0875 0.22578125 0.175 0.4015625
3 0.1390625 0.25625 0.0375 0.046875
2 0.02734375 0.0703125 0.0546875 0.015625
8 0.62578125 0.1734375 0.1734375 0.346875
3 0.6671875 0.08125 0.06875 0.0640625
0 0.6234375 0.28515625 0.115625 0.05625
2 0.41171875 0.65234375 0.2546875 0.1265625
10 0.978125 0.6859375 0.04375 0.1875
8 0.95 0.79453125 0.1 0.4109375