10 0.4234375 0.11171875 0.153125 0.1734375
0 0.39609375 0.38671875 0.0703125 0.1109375
0 0.45 0.36015625 0.05625 0.0921875
8 0.3921875 0.228125 0.215625 0.45625
10 0.78359375 0.271875 0.2609375 0.284375
0 0.740625 0.64296875 0.171875 0.0734375
5 0.8046875 0.03828125 0.240625 0.0765625
2 0.8609375 0.071875 0.0875 0.028125
3 0.6296875 0.4703125 0.103125 0.071875
3 0.9328125 0.40625 0.05 0.075
0 0.1953125 0.7859375 0.046875 0.0625
0 0.1953125 0.7859375 0.046875 0.0625
0 0.27734375 0.78515625 0.0609375 0.0703125
3 0.16796875 0.68984375 0.0359375 0.0203125
3 0.34296875 0.6890625 0.0265625 0.01875
10 0.796875 0.8375 0.1546875 0.165625
5 0.82734375 0.703125 0.1234375 0.046875
8 0.81640625 0.83984375 0.2828125 0.3203125
3 0.70859375 0.9359375 0.065625 0.0578125
7 0.840625 0.75078125 0.0515625 0.025