8 0.13828125 0.24453125 0.2765625 0.4890625
10 0.0984375 0.26015625 0.196875 0.3359375
10 0.6375 0.01640625 0.171875 0.0328125
0 0.66875 0.184375 0.109375 0.0875
0 0.571875 0.18046875 0.059375 0.0828125
8 0.65390625 0.11796875 0.2984375 0.2359375
10 0.3921875 0.5953125 0.053125 0.128125
0 0.3984375 0.775 0.040625 0.059375
3 0.3640625 0.6734375 0.0375 0.0375
10 0.55078125 0.65703125 0.1140625 0.0984375
0 0.559375 0.8015625 0.046875 0.05625
0 0.515625 0.80703125 0.05 0.0640625
5 0.5484375 0.56875 0.0625 0.03125
3 0.63046875 0.709375 0.0265625 0.03125
3 0.484375 0.7171875 0.025 0.03125
2 0.55078125 0.5859375 0.0484375 0.0125