0 0.015625 0.3984375 0.03125 0.078125
3 0.03046875 0.271875 0.0390625 0.046875
10 0.62265625 0.29765625 0.3 0.2921875
5 0.57578125 0.0296875 0.2109375 0.059375
8 0.65 0.23984375 0.4 0.4796875
10 0.0625 0.64375 0.1109375 0.1
0 0.075 0.7875 0.046875 0.05625
0 0.03828125 0.79765625 0.0640625 0.0640625
5 0.06015625 0.55859375 0.0671875 0.0328125
8 0.0828125 0.68671875 0.165625 0.2921875
10 0.54765625 0.62890625 0.1953125 0.1859375
0 0.4890625 0.9265625 0.075 0.128125
0 0.559375 0.88515625 0.071875 0.1015625
5 0.55859375 0.490625 0.1171875 0.021875
2 0.56015625 0.50859375 0.0796875 0.0203125
3 0.69609375 0.73828125 0.0453125 0.0640625