10 0.3984375 0.2640625 0.140625 0.128125
5 0.41484375 0.14765625 0.0859375 0.0328125
2 0.41875 0.16796875 0.05625 0.0140625
3 0.484375 0.34453125 0.021875 0.0421875
3 0.3265625 0.34296875 0.040625 0.0390625
10 0.6578125 0.13125 0.1140625 0.10625
0 0.62421875 0.28359375 0.046875 0.0578125
0 0.696875 0.2921875 0.0640625 0.0625
5 0.6578125 0.0375 0.084375 0.0328125
8 0.65625 0.175 0.1859375 0.315625
10 0.37734375 0.6796875 0.06875 0.096875
10 0.2078125 0.70390625 0.0390625 0.0671875
10 0.29765625 0.68203125 0.0453125 0.0859375
10 0.05859375 0.721875 0.0546875 0.1015625
10 0.53359375 0.6625 0.0328125 0.09375
10 0.43359375 0.6640625 0.065625 0.10625
10 0.95546875 0.76484375 0.0890625 0.1921875
5 0.98203125 0.59375 0.0359375 0.0625
3 0.88828125 0.88671875 0.0578125 0.0609375