10 0.35703125 0.13046875 0.0859375 0.1390625
0 0.3921875 0.340625 0.015625 0.078125
0 0.3265625 0.3390625 0.053125 0.075
5 0.371875 0.0109375 0.05625 0.021875
2 0.378125 0.0265625 0.04375 0.0125
3 0.29921875 0.2203125 0.0484375 0.040625
10 0.58125 0.096875 0.303125 0.19375
0 0.74140625 0.42109375 0.1359375 0.1171875
0 0.50703125 0.41953125 0.1171875 0.1203125
8 0.6296875 0.23984375 0.459375 0.4796875
10 0.0390625 0.73515625 0.078125 0.1671875
0 0.03359375 0.9703125 0.0671875 0.059375
5 0.02890625 0.59765625 0.0578125 0.0640625
3 0.0859375 0.840625 0.04375 0.046875
2 0.0234375 0.6328125 0.046875 0.0125
10 0.75703125 0.7328125 0.23125 0.2125
5 0.75 0.553125 0.15 0.075
8 0.7546875 0.7625 0.365625 0.475
7 0.75390625 0.60625 0.1 0.04375
3 0.64453125 0.86875 0.0734375 0.0640625
3 0.89140625 0.85625 0.0625 0.075