0 0.02109375 0.08203125 0.0421875 0.0953125
0 0.121875 0.0828125 0.08125 0.103125
10 0.59296875 0.11484375 0.2265625 0.2015625
0 0.5359375 0.40546875 0.075 0.1203125
0 0.68203125 0.40234375 0.1171875 0.1140625
3 0.50078125 0.24765625 0.0421875 0.0546875
3 0.72890625 0.23125 0.0515625 0.0625
10 0.39609375 0.546875 0.1671875 0.15625
8 0.35703125 0.734375 0.2453125 0.53125
3 0.33359375 0.6515625 0.0984375 0.0703125
0 0.434375 0.8359375 0.090625 0.053125
0 0.35703125 0.86484375 0.1375 0.06875
3 0.6328125 0.87578125 0.30625 0.2484375