10 0.29453125 0.23203125 0.2859375 0.2515625
0 0.21796875 0.59453125 0.0890625 0.1421875
0 0.38203125 0.59375 0.1109375 0.146875
5 0.30625 0.01640625 0.1625 0.0328125
2 0.30625 0.03984375 0.125 0.0328125
3 0.17109375 0.390625 0.0953125 0.08125
3 0.45 0.38984375 0.075 0.0765625
10 0.7078125 0.17421875 0.134375 0.1359375
0 0.71015625 0.36796875 0.0671875 0.0765625
0 0.64375 0.3671875 0.05 0.071875
5 0.7234375 0.05390625 0.084375 0.0375
8 0.70390625 0.21796875 0.23125 0.3765625
0 0.240625 0.89140625 0.078125 0.0890625
0 0.32421875 0.8734375 0.05625 0.071875
8 0.28984375 0.88046875 0.2265625 0.1234375
10 0.68203125 0.909375 0.1859375 0.18125
8 0.75078125 0.909375 0.4640625 0.18125