8 0.3640625 0.134375 0.13125 0.26875
0 0.5328125 0.19453125 0.171875 0.1484375
8 0.6015625 0.134375 0.34375 0.26875
10 0.396875 0.5453125 0.065625 0.09375
0 0.4203125 0.69296875 0.01875 0.0578125
0 0.36328125 0.6828125 0.0359375 0.046875
5 0.409375 0.45859375 0.040625 0.0296875
3 0.35234375 0.60625 0.0296875 0.028125
2 0.41328125 0.478125 0.0328125 0.009375
10 0.91875 0.3984375 0.15 0.140625
0 0.8859375 0.60859375 0.05625 0.0828125
0 0.9328125 0.59296875 0.0390625 0.0703125
5 0.91796875 0.278125 0.0890625 0.01875
8 0.88984375 0.4640625 0.2203125 0.390625