10 0.1765625 0.03046875 0.15 0.0609375
0 0.14375 0.20078125 0.05625 0.0828125
0 0.19140625 0.18515625 0.0390625 0.0703125
3 0.27109375 0.07109375 0.0171875 0.0421875
3 0.06640625 0.075 0.0390625 0.040625
10 0.69375 0.04140625 0.140625 0.0828125
0 0.70390625 0.2140625 0.0671875 0.078125
0 0.6375 0.20390625 0.05 0.0671875
3 0.62265625 0.09609375 0.0421875 0.0453125
3 0.78046875 0.096875 0.0328125 0.04375
10 0.0984375 0.8609375 0.196875 0.278125
8 0.13984375 0.825 0.2796875 0.35
5 0.7859375 0.88984375 0.171875 0.0765625
2 0.79140625 0.9375 0.1171875 0.021875