10 0.121875 0.346875 0.225 0.2125
5 0.12265625 0.1671875 0.1484375 0.075
8 0.153125 0.40390625 0.30625 0.5296875
0 0.19609375 0.6546875 0.1078125 0.028125
0 0.0578125 0.65859375 0.08125 0.0203125
3 0.01953125 0.471875 0.0390625 0.06875
3 0.25703125 0.46796875 0.059375 0.065625
7 0.12578125 0.22265625 0.090625 0.0421875
9 0.8125 0.3109375 0.35625 0.621875
11 0.79765625 0.18828125 0.240625 0.246875
6 0.784375 0.0125 0.1875 0.025
4 0.6734375 0.334375 0.071875 0.078125
4 0.90625 0.34609375 0.1046875 0.0796875
1 0.76328125 0.55234375 0.1359375 0.0765625
1 0.8953125 0.57265625 0.121875 0.0875
7 0.7703125 0.05078125 0.0890625 0.0390625
3 0.07109375 0.89296875 0.1421875 0.2140625
3 0.81875 0.94375 0.3625 0.1125