10 0.3671875 0.3171875 0.103125 0.09375
5 0.3671875 0.23203125 0.065625 0.0296875
8 0.35078125 0.321875 0.1359375 0.215625
10 0.6359375 0.1421875 0.1828125 0.2109375
8 0.62421875 0.21484375 0.3234375 0.4296875
3 0.55625 0.27734375 0.0828125 0.06875
7 0.69140625 0.0203125 0.0640625 0.0375
10 0.33671875 0.74921875 0.1640625 0.2484375
5 0.334375 0.51875 0.1 0.09375
8 0.31640625 0.72265625 0.2046875 0.5546875
10 0.5796875 0.5609375 0.13125 0.121875
0 0.56484375 0.73984375 0.05625 0.0734375
0 0.61875 0.734375 0.059375 0.0625
5 0.57109375 0.4625 0.0921875 0.0453125
8 0.57734375 0.609375 0.20625 0.3546875