10 0.41171875 0.2234375 0.2140625 0.253125
5 0.4171875 0.0125 0.203125 0.025
8 0.39609375 0.175 0.2453125 0.35
10 0.6671875 0.17578125 0.146875 0.1359375
5 0.665625 0.04453125 0.0875 0.0359375
3 0.5765625 0.2609375 0.040625 0.04375
3 0.76328125 0.2609375 0.0390625 0.04375
2 0.6671875 0.06953125 0.075 0.0171875
5 0.309375 0.4703125 0.084375 0.090625
10 0.32109375 0.7578125 0.1703125 0.33125
8 0.26171875 0.70625 0.5140625 0.5875
10 0.64921875 0.440625 0.2609375 0.18125
0 0.7125 0.77734375 0.125 0.1453125
0 0.5609375 0.7125 0.084375 0.1125
3 0.54140625 0.56875 0.0453125 0.065625