10 0.3671875 0.2375 0.25625 0.225
5 0.371875 0.02734375 0.196875 0.0546875
8 0.38515625 0.175 0.4109375 0.35
0 0.740625 0.16328125 0.125 0.1453125
10 0.396875 0.56796875 0.1421875 0.1203125
0 0.365625 0.75546875 0.059375 0.0703125
0 0.42265625 0.73984375 0.0609375 0.0671875
5 0.38671875 0.46484375 0.0953125 0.0484375
8 0.396875 0.61953125 0.2203125 0.353125
8 0.91328125 0.63046875 0.1734375 0.5609375
10 0.9171875 0.4796875 0.165625 0.23125
0 0.93359375 0.828125 0.1328125 0.1375
0 0.98125 0.78671875 0.0375 0.1078125