10 0.096875 0.2515625 0.19375 0.234375
0 0.08515625 0.575 0.1703125 0.06875
0 0.1453125 0.5578125 0.13125 0.103125
5 0.075 0.03515625 0.15 0.0671875
2 0.08671875 0.0765625 0.1078125 0.01875
2 0.109375 0.41796875 0.065625 0.0546875
10 0.83046875 0.07421875 0.1734375 0.1484375
8 0.82578125 0.23203125 0.2703125 0.4640625
3 0.73984375 0.1640625 0.065625 0.0609375
0 0.77578125 0.30703125 0.0796875 0.05
0 0.9015625 0.35078125 0.1125 0.0625
8 0.0375 0.8046875 0.075 0.390625
10 0.8625 0.8703125 0.1828125 0.2109375
5 0.878125 0.696875 0.171875 0.0828125
8 0.84453125 0.83125 0.3109375 0.3375
3 0.78203125 0.98515625 0.0828125 0.0296875
7 0.91796875 0.7484375 0.0640625 0.0375