10 0.134375 0.31875 0.26875 0.18125
5 0.13515625 0.12265625 0.1796875 0.0875
8 0.17578125 0.23828125 0.3515625 0.3421875
10 0.70234375 0.196875 0.2109375 0.1875
5 0.69140625 0.028125 0.1328125 0.05625
8 0.7234375 0.2046875 0.384375 0.409375
5 0.1703125 0.53515625 0.071875 0.1265625
10 0.18515625 0.79140625 0.1765625 0.1640625
8 0.178125 0.7296875 0.3 0.540625
8 0.85859375 0.69609375 0.2828125 0.5734375
10 0.8734375 0.48984375 0.253125 0.1609375
0 0.975 0.81015625 0.05 0.1328125
0 0.92109375 0.884375 0.1578125 0.16875