10 0.26875 0.1828125 0.15 0.140625
0 0.2078125 0.36953125 0.078125 0.0703125
0 0.30234375 0.3984375 0.0609375 0.08125
5 0.2703125 0.0546875 0.10625 0.040625
3 0.1703125 0.2640625 0.034375 0.04375
3 0.36015625 0.2734375 0.0484375 0.046875
2 0.25 0.08046875 0.0625 0.0203125
10 0.5984375 0.29453125 0.1140625 0.0984375
0 0.60703125 0.4390625 0.046875 0.05625
0 0.5640625 0.44453125 0.05 0.0640625
5 0.596875 0.20625 0.0625 0.03125
8 0.603125 0.3359375 0.19375 0.29375
10 0.2484375 0.68984375 0.271875 0.2546875
0 0.17890625 0.98046875 0.0609375 0.0390625
3 0.103125 0.85703125 0.0875 0.0703125
0 0.66875 0.6125 0.053125 0.071875
0 0.746875 0.6 0.053125 0.059375