10 0.0671875 0.20703125 0.134375 0.1734375
0 0.03125 0.45859375 0.0625 0.0953125
0 0.13828125 0.45546875 0.0921875 0.0953125
5 0.03046875 0.0515625 0.0609375 0.05
3 0.15390625 0.30703125 0.0515625 0.0484375
2 0.0265625 0.08125 0.053125 0.015625
8 0.7375 0.334375 0.35625 0.66875
10 0.74453125 0.23046875 0.278125 0.2609375
0 0.765625 0.60703125 0.15 0.1234375
0 0.6765625 0.57265625 0.175 0.1234375
5 0.715625 0.0125 0.2125 0.025
10 0.78203125 0.9546875 0.2671875 0.090625
5 0.76875 0.80234375 0.196875 0.0859375
2 0.73125 0.846875 0.125 0.028125