10 0.46328125 0.31796875 0.2296875 0.2265625
8 0.44453125 0.37109375 0.3484375 0.5578125
5 0.45859375 0.12890625 0.153125 0.078125
3 0.346875 0.45703125 0.0890625 0.0828125
0 0.41796875 0.62890625 0.0984375 0.0421875
7 0.47578125 0.1828125 0.0890625 0.03125
10 0.971875 0.165625 0.05625 0.140625
0 0.978125 0.371875 0.04375 0.08125
5 0.9796875 0.0375 0.040625 0.0375
5 0.9484375 0.21796875 0.103125 0.4015625
3 0.940625 0.25625 0.040625 0.046875
2 0.99296875 0.0625 0.0140625 0.015625
10 0.47734375 0.9546875 0.1953125 0.090625
5 0.49609375 0.8484375 0.1203125 0.06875
2 0.49375 0.884375 0.071875 0.015625