10 0.35234375 0.06953125 0.1890625 0.1390625
0 0.3890625 0.32109375 0.071875 0.1140625
0 0.2734375 0.28671875 0.059375 0.0765625
3 0.23359375 0.165625 0.0546875 0.05
3 0.48125 0.1625 0.0375 0.053125
0 0.853125 0.1765625 0.109375 0.0875
0 0.75625 0.17265625 0.059375 0.0828125
3 0.72109375 0.046875 0.0515625 0.040625
3 0.95234375 0.040625 0.0359375 0.046875
10 0.3 0.51640625 0.15625 0.1390625
0 0.36640625 0.725 0.0609375 0.08125
0 0.2703125 0.7234375 0.059375 0.078125
3 0.2046875 0.6078125 0.040625 0.04375
3 0.40859375 0.6 0.0421875 0.04375
10 0.76875 0.66953125 0.146875 0.1359375
0 0.8078125 0.87734375 0.059375 0.0796875
0 0.7109375 0.87421875 0.05625 0.0796875
5 0.7671875 0.53828125 0.0875 0.0359375
2 0.7703125 0.5640625 0.08125 0.015625
3 0.678125 0.759375 0.040625 0.040625
3 0.865625 0.7546875 0.04375 0.046875