10 0.125 0.20078125 0.13125 0.1234375
0 0.0953125 0.378125 0.05 0.06875
0 0.1703125 0.3875 0.059375 0.0625
5 0.115625 0.09375 0.090625 0.0375
3 0.2171875 0.27421875 0.028125 0.0421875
3 0.0625 0.2828125 0.040625 0.040625
2 0.13515625 0.11015625 0.0515625 0.0171875
10 0.825 0.3125 0.1828125 0.1734375
5 0.8421875 0.1859375 0.1203125 0.071875
8 0.8140625 0.2796875 0.3 0.278125
3 0.71484375 0.4078125 0.0578125 0.021875
3 0.9390625 0.4015625 0.0375 0.034375
10 0.384375 0.50625 0.13125 0.175
8 0.34921875 0.61640625 0.2015625 0.3953125
3 0.2984375 0.6125 0.0640625 0.0625
0 0.41875 0.80078125 0.0625 0.0546875
0 0.3265625 0.7578125 0.08125 0.0640625
10 0.63515625 0.80859375 0.2390625 0.1984375
5 0.6109375 0.63203125 0.14375 0.0609375
2 0.628125 0.6609375 0.1 0.025
3 0.50546875 0.94765625 0.0671875 0.0578125
3 0.78203125 0.91796875 0.0390625 0.0578125