0 0.3546875 0.3078125 0.05 0.14375
3 0.3578125 0.06015625 0.04375 0.0734375
0 0.8375 0.2875 0.096875 0.153125
0 0.68046875 0.2734375 0.121875 0.146875
8 0.7609375 0.18984375 0.409375 0.3796875
10 0.33515625 0.5234375 0.0890625 0.271875
0 0.3328125 0.88828125 0.09375 0.1390625
8 0.3109375 0.6875 0.1375 0.615625
5 0.48671875 0.4875 0.1984375 0.096875
10 0.4984375 0.69609375 0.2375 0.2421875
3 0.521875 0.8546875 0.0828125 0.06875
8 0.5140625 0.71796875 0.26875 0.5640625
7 0.54375 0.5484375 0.0734375 0.04375