8 0.04609375 0.21484375 0.0921875 0.4296875
3 0.06875 0.19296875 0.0546875 0.065625
0 0.0515625 0.403125 0.103125 0.05
0 0.8171875 0.36953125 0.109375 0.1203125
10 0.87109375 0.078125 0.2453125 0.15625
0 0.93046875 0.34609375 0.1390625 0.1234375
3 0.78515625 0.1890625 0.0765625 0.053125
3 0.98984375 0.1578125 0.0203125 0.065625
3 0.184375 0.71484375 0.36875 0.5703125
8 0.83359375 0.71640625 0.3328125 0.5671875
10 0.85390625 0.6765625 0.25625 0.221875
0 0.7984375 0.9671875 0.11875 0.065625
0 0.93203125 0.959375 0.1359375 0.08125
5 0.83515625 0.47421875 0.1515625 0.071875