10 0.36328125 0.10703125 0.1703125 0.2140625
8 0.3734375 0.225 0.371875 0.45
3 0.40234375 0.25703125 0.1359375 0.084375
10 0.75859375 0.3546875 0.2421875 0.190625
5 0.7671875 0.1796875 0.14375 0.06875
2 0.76484375 0.22265625 0.1171875 0.0203125
10 0.471875 0.48359375 0.13125 0.0671875
0 0.4421875 0.6328125 0.05 0.06875
0 0.5171875 0.6453125 0.059375 0.06875
3 0.5546875 0.52890625 0.009375 0.0421875
3 0.409375 0.5375 0.040625 0.040625
10 0.6328125 0.65234375 0.146875 0.2734375
0 0.646875 0.978125 0.096875 0.04375
8 0.6671875 0.725 0.215625 0.55