10 0.2 0.1921875 0.1859375 0.1625
0 0.171875 0.41484375 0.08125 0.0859375
0 0.27265625 0.425 0.0828125 0.06875
5 0.190625 0.04296875 0.1109375 0.053125
8 0.19921875 0.23359375 0.3484375 0.4515625
10 0.5171875 0.09453125 0.234375 0.1890625
0 0.4421875 0.3609375 0.071875 0.115625
0 0.5796875 0.40859375 0.096875 0.1015625
3 0.67734375 0.20859375 0.0421875 0.0703125
10 0.309375 0.6484375 0.18125 0.271875
0 0.2875 0.971875 0.146875 0.05625
8 0.28515625 0.7296875 0.2296875 0.540625
10 0.80859375 0.85078125 0.2421875 0.2078125
5 0.8171875 0.66640625 0.1421875 0.06875
8 0.809375 0.81640625 0.375 0.3671875