0 0.17734375 0.04921875 0.0953125 0.0984375
0 0.25234375 0.0234375 0.0890625 0.046875
8 0.2140625 0.05625 0.325 0.1125
10 0.103125 0.45078125 0.20625 0.2515625
0 0.015625 0.81328125 0.03125 0.1421875
0 0.15078125 0.8125 0.1109375 0.146875
2 0.075 0.2671875 0.125 0.015625
3 0.21875 0.60859375 0.075 0.0765625
8 0.7359375 0.58828125 0.16875 0.265625
10 0.73125 0.5546875 0.0953125 0.090625
0 0.67421875 0.6125 0.03125 0.028125
0 0.80390625 0.6078125 0.028125 0.03125
5 0.728125 0.471875 0.05625 0.028125