10 0.11015625 0.07109375 0.2203125 0.1421875
0 0.06328125 0.38359375 0.1140625 0.1484375
0 0.22421875 0.43125 0.1421875 0.171875
3 0.04765625 0.02578125 0.0953125 0.0515625
3 0.11875 0.0625 0.125 0.071875
0 0.540625 0.08671875 0.021875 0.0703125
0 0.61796875 0.09140625 0.0671875 0.0671875
10 0.06640625 0.646875 0.1328125 0.134375
8 0.0921875 0.7765625 0.184375 0.39375
3 0.1578125 0.715625 0.053125 0.04375
10 0.6640625 0.7453125 0.15 0.140625
0 0.603125 0.93203125 0.078125 0.0703125
0 0.69765625 0.96015625 0.0609375 0.0796875
5 0.665625 0.6171875 0.10625 0.040625
3 0.565625 0.8265625 0.034375 0.04375
3 0.75546875 0.8359375 0.0484375 0.046875
2 0.6453125 0.64296875 0.0625 0.0203125