10 0.50859375 0.33515625 0.1203125 0.1140625
5 0.5109375 0.23203125 0.09375 0.0359375
3 0.43359375 0.4015625 0.0328125 0.015625
2 0.5140625 0.2515625 0.059375 0.0125
10 0.73671875 0.0734375 0.1890625 0.146875
0 0.7734375 0.32890625 0.071875 0.1140625
0 0.6578125 0.29453125 0.059375 0.0765625
3 0.61796875 0.1734375 0.0546875 0.05
3 0.865625 0.1703125 0.0375 0.053125
10 0.15625 0.67734375 0.246875 0.2015625
0 0.2359375 0.96328125 0.103125 0.0734375
0 0.11875 0.95859375 0.10625 0.0828125
5 0.1390625 0.49140625 0.15 0.0640625
2 0.15234375 0.52109375 0.1296875 0.0265625
3 0.03671875 0.82109375 0.0671875 0.0546875
3 0.29453125 0.7875 0.0453125 0.053125
0 0.74765625 0.615625 0.1 0.121875
0 0.88671875 0.61328125 0.0828125 0.1265625
8 0.8265625 0.54296875 0.346875 0.2671875