10 0.09375 0.2390625 0.1875 0.215625
0 0.015625 0.51875 0.03125 0.115625
0 0.13359375 0.58828125 0.096875 0.1453125
5 0.08828125 0.040625 0.146875 0.0703125
8 0.13515625 0.33515625 0.2703125 0.6671875
5 0.88984375 0.05625 0.1984375 0.0953125
10 0.91796875 0.25703125 0.1640625 0.2421875
8 0.875 0.334375 0.25 0.66875
3 0.9078125 0.41015625 0.0859375 0.071875
7 0.9453125 0.11171875 0.075 0.0484375
0 0.9015625 0.63671875 0.178125 0.0640625
0 0.9515625 0.596875 0.096875 0.05625
10 0.7375 0.6890625 0.225 0.040625
0 0.7109375 0.91796875 0.1 0.1234375
0 0.77265625 0.8671875 0.0828125 0.09375
3 0.61875 0.74140625 0.059375 0.0546875
3 0.90390625 0.71796875 0.0421875 0.0671875