10 0.3828125 0.32109375 0.071875 0.0984375
5 0.3953125 0.2328125 0.046875 0.03125
8 0.365625 0.32734375 0.10625 0.2234375
10 0.77265625 0.33984375 0.2421875 0.1984375
5 0.77265625 0.10625 0.2859375 0.103125
2 0.803125 0.16640625 0.15625 0.0328125
3 0.39140625 0.60859375 0.0546875 0.0609375
10 0.5609375 0.64921875 0.15 0.1453125
0 0.50859375 0.86953125 0.0890625 0.0828125
0 0.5953125 0.859375 0.059375 0.075
5 0.5625 0.51875 0.109375 0.04375
3 0.47578125 0.7375 0.0328125 0.040625
3 0.63671875 0.7390625 0.0453125 0.04375
2 0.534375 0.54375 0.059375 0.015625