10 0.3078125 0.08828125 0.1453125 0.1296875
0 0.284375 0.2671875 0.059375 0.04375
0 0.37109375 0.265625 0.0671875 0.046875
8 0.30859375 0.14453125 0.2234375 0.2890625
5 0.26171875 0.346875 0.2015625 0.09375
10 0.31328125 0.5484375 0.1515625 0.2421875
8 0.2625 0.63125 0.30625 0.684375
3 0.278125 0.709375 0.084375 0.0671875
7 0.30859375 0.4078125 0.090625 0.0453125
0 0.2671875 0.9390625 0.1859375 0.078125
0 0.35546875 0.89140625 0.146875 0.0546875
10 0.57265625 0.39765625 0.1453125 0.1453125
0 0.5484375 0.621875 0.059375 0.090625
0 0.59375 0.603125 0.053125 0.075
3 0.67265625 0.4890625 0.0421875 0.046875
3 0.475 0.48984375 0.046875 0.0421875
2 0.58046875 0.2953125 0.0671875 0.0125