10 0.29453125 0.075 0.1953125 0.15
0 0.29296875 0.41484375 0.2078125 0.1078125
0 0.259375 0.36640625 0.175 0.1265625
3 0.1265625 0.1546875 0.065625 0.065625
3 0.4109375 0.1953125 0.115625 0.0875
10 0.2078125 0.6203125 0.121875 0.115625
0 0.1796875 0.8 0.059375 0.075
0 0.221875 0.7890625 0.040625 0.05
5 0.21015625 0.52109375 0.0859375 0.0359375
2 0.2125 0.5375 0.0625 0.0125
3 0.13203125 0.6921875 0.0328125 0.0375
3 0.3 0.684375 0.028125 0.034375
5 0.8140625 0.48046875 0.0625 0.0234375
5 0.9609375 0.54921875 0.046875 0.071875
10 0.803125 0.6765625 0.103125 0.2890625
10 0.95625 0.75078125 0.0875 0.2640625