0 0.325 0.35390625 0.109375 0.1703125
8 0.278125 0.225 0.221875 0.45
0 0.7796875 0.13984375 0.1359375 0.1390625
0 0.54453125 0.140625 0.1171875 0.146875
8 0.646875 0.11171875 0.5 0.2234375
10 0.05234375 0.7125 0.1046875 0.265625
5 0.0234375 0.48046875 0.046875 0.0609375
2 0.01875 0.5265625 0.0375 0.025
3 0.16328125 0.859375 0.0578125 0.075
10 0.715625 0.7890625 0.2609375 0.26875
5 0.72734375 0.56484375 0.2078125 0.1015625
8 0.7484375 0.75078125 0.503125 0.4984375
7 0.759375 0.63203125 0.1015625 0.0453125
3 0.56015625 0.96171875 0.0984375 0.0765625
3 0.95234375 0.93671875 0.090625 0.0875