10 0.08984375 0.146875 0.1796875 0.1625
0 0.059375 0.36953125 0.08125 0.0859375
0 0.1609375 0.39453125 0.0828125 0.0984375
5 0.07734375 0.01171875 0.1109375 0.0234375
8 0.13046875 0.23125 0.2609375 0.4625
10 0.709375 0.05390625 0.15 0.1078125
0 0.725 0.24375 0.075 0.078125
0 0.62578125 0.24296875 0.0609375 0.0765625
3 0.796875 0.1234375 0.040625 0.04375
3 0.6046875 0.12421875 0.040625 0.0484375
8 0.3640625 0.703125 0.25 0.20625
0 0.3328125 0.73046875 0.078125 0.0484375
0 0.43359375 0.74296875 0.1109375 0.0515625