10 0.3671875 0.0984375 0.203125 0.196875
0 0.45625 0.41640625 0.025 0.1390625
0 0.34921875 0.4203125 0.0953125 0.134375
8 0.33515625 0.2546875 0.2671875 0.509375
10 0.8015625 0.11171875 0.15625 0.1390625
0 0.82890625 0.321875 0.0703125 0.078125
0 0.7359375 0.3203125 0.053125 0.075
2 0.80390625 0.0078125 0.0765625 0.0125
3 0.70859375 0.2015625 0.0484375 0.040625
3 0.8953125 0.1984375 0.0375 0.04375
10 0.05078125 0.8921875 0.1015625 0.19375
3 0.1078125 0.98828125 0.08125 0.0234375
2 0.0125 0.7390625 0.025 0.028125
10 0.64375 0.7140625 0.184375 0.090625
0 0.5796875 0.90390625 0.078125 0.0734375
0 0.69921875 0.93203125 0.0890625 0.1015625
3 0.52265625 0.78203125 0.0453125 0.0546875
3 0.7546875 0.77734375 0.046875 0.0546875