5 0.25859375 0.0140625 0.2078125 0.028125
10 0.28046875 0.20078125 0.178125 0.2515625
8 0.271875 0.23984375 0.3875 0.4796875
7 0.22421875 0.05078125 0.0953125 0.05
3 0.11484375 0.3375 0.0734375 0.0734375
3 0.30703125 0.36328125 0.1171875 0.09375
0 0.5453125 0.3890625 0.0125 0.075
10 0.20234375 0.5421875 0.1609375 0.125
0 0.17890625 0.97421875 0.0671875 0.0515625
0 0.24296875 0.97421875 0.0546875 0.0515625
8 0.253125 0.73984375 0.50625 0.5203125
10 0.84921875 0.828125 0.2828125 0.246875
5 0.8546875 0.59453125 0.159375 0.0703125
2 0.85625 0.63984375 0.125 0.0296875
3 0.7203125 0.975 0.078125 0.05
3 0.9828125 0.97421875 0.034375 0.0515625