0 0.36796875 0.05859375 0.046875 0.0609375
0 0.41171875 0.06328125 0.0140625 0.0640625
10 0.70546875 0.16875 0.2109375 0.1875
0 0.68046875 0.4703125 0.0953125 0.11875
0 0.7234375 0.41796875 0.059375 0.0921875
5 0.69609375 0.01484375 0.1328125 0.0296875
3 0.88046875 0.26796875 0.0484375 0.0578125
3 0.5875 0.290625 0.05625 0.05
2 0.71171875 0.03046875 0.0953125 0.0234375
10 0.2796875 0.8453125 0.278125 0.278125
5 0.28359375 0.59296875 0.196875 0.1078125
8 0.2484375 0.76640625 0.340625 0.4671875
8 0.8171875 0.88125 0.16875 0.2375
10 0.8125 0.8625 0.0953125 0.090625
0 0.75546875 0.9203125 0.03125 0.028125
0 0.88515625 0.915625 0.028125 0.03125
5 0.809375 0.7796875 0.05625 0.028125