10 0.28125 0.03671875 0.190625 0.0734375
3 0.203125 0.10859375 0.0890625 0.0703125
8 0.2671875 0.18984375 0.328125 0.3796875
3 0.40625 0.08125 0.05625 0.0671875
0 0.2390625 0.3296875 0.125 0.06875
0 0.35546875 0.30390625 0.1765625 0.0578125
3 0.65546875 0.1125 0.2921875 0.225
10 0.328125 0.46015625 0.196875 0.1609375
8 0.328125 0.5703125 0.30625 0.38125
0 0.2890625 0.7390625 0.0765625 0.0515625
0 0.4125 0.740625 0.0734375 0.05
3 0.23203125 0.56328125 0.0609375 0.0546875
3 0.440625 0.5609375 0.059375 0.05625
10 0.8046875 0.58984375 0.33125 0.4203125