5 0.0296875 0.1265625 0.059375 0.06875
2 0.021875 0.16875 0.04375 0.025
10 0.86875 0.07265625 0.209375 0.1453125
0 0.90859375 0.2640625 0.0890625 0.05
8 0.85390625 0.14453125 0.2921875 0.2890625
10 0.03203125 0.56953125 0.0640625 0.2734375
0 0.0546875 0.93359375 0.109375 0.1328125
8 0.0796875 0.64453125 0.159375 0.7109375
10 0.87265625 0.5125 0.2546875 0.28125
0 0.7984375 0.8703125 0.175 0.13125
0 0.92421875 0.9171875 0.1359375 0.14375
2 0.85234375 0.3125 0.1453125 0.03125
3 0.73984375 0.65703125 0.0546875 0.0703125
3 0.94921875 0.6921875 0.1015625 0.078125