10 0.21796875 0.08046875 0.2140625 0.1609375
0 0.2046875 0.334375 0.075 0.10625
0 0.32578125 0.3328125 0.0859375 0.103125
3 0.1265625 0.18671875 0.053125 0.0484375
3 0.34296875 0.17265625 0.0515625 0.0515625
10 0.7875 0.08515625 0.175 0.1703125
0 0.7171875 0.3609375 0.034375 0.115625
0 0.8375 0.353125 0.103125 0.115625
3 0.88828125 0.184375 0.0484375 0.059375
10 0.42265625 0.6625 0.1671875 0.10625
8 0.41484375 0.8046875 0.3140625 0.390625
3 0.38359375 0.75 0.0921875 0.0703125
3 0.5375 0.7109375 0.0578125 0.06875
0 0.40078125 0.96796875 0.1703125 0.0640625
0 0.49609375 0.93984375 0.190625 0.0546875
0 0.74765625 0.8515625 0.0921875 0.115625
0 0.88515625 0.8546875 0.1 0.115625
8 0.834375 0.765625 0.26875 0.3125