8 0.23125 0.1546875 0.309375 0.309375
0 0.31171875 0.03515625 0.1609375 0.053125
0 0.19921875 0.06328125 0.1375 0.06875
8 0.71484375 0.1546875 0.2921875 0.309375
3 0.696875 0.05390625 0.1125 0.084375
0 0.70546875 0.29140625 0.1796875 0.0359375
0 0.6328125 0.25 0.128125 0.046875
10 0.46640625 0.39453125 0.1890625 0.1703125
0 0.50703125 0.65 0.0671875 0.096875
0 0.38984375 0.6484375 0.0703125 0.096875
3 0.55546875 0.50234375 0.0265625 0.0515625
3 0.3578125 0.49921875 0.046875 0.0484375
10 0.9375 0.40859375 0.125 0.1984375
0 0.9375 0.7046875 0.084375 0.11875
3 0.8921875 0.53828125 0.084375 0.0578125