10 0.24765625 0.13203125 0.2109375 0.1890625
0 0.2046875 0.42109375 0.075 0.0953125
0 0.275 0.38359375 0.071875 0.1046875
8 0.26328125 0.234375 0.3734375 0.46875
10 0.81953125 0.2046875 0.2671875 0.240625
3 0.79296875 0.38671875 0.0890625 0.0703125
3 0.97734375 0.3203125 0.0453125 0.06875
2 0.8875 0.0140625 0.1 0.028125
10 0.43984375 0.69140625 0.1390625 0.1734375
0 0.41953125 0.95546875 0.0703125 0.0890625
0 0.4734375 0.93984375 0.05625 0.0921875
5 0.46171875 0.53046875 0.0953125 0.0515625
3 0.3609375 0.80390625 0.053125 0.0484375
2 0.47109375 0.5578125 0.0765625 0.021875
10 0.7328125 0.51953125 0.125 0.1015625
0 0.7375 0.684375 0.046875 0.065625
0 0.67890625 0.6765625 0.0390625 0.059375
3 0.81328125 0.58359375 0.0265625 0.0296875
3 0.6546875 0.5859375 0.034375 0.03125