10 0.45234375 0.33046875 0.1890625 0.1546875
0 0.43125 0.51953125 0.059375 0.0203125
5 0.44375 0.1890625 0.10625 0.046875
3 0.36171875 0.43203125 0.0515625 0.0484375
3 0.559375 0.42265625 0.04375 0.0484375
2 0.45078125 0.21875 0.0796875 0.015625
8 0.6984375 0.2953125 0.078125 0.46875
10 0.6890625 0.31015625 0.059375 0.2484375
7 0.6671875 0.15546875 0.015625 0.0421875
10 0.26640625 0.65 0.234375 0.215625
0 0.19140625 0.9296875 0.071875 0.115625
0 0.328125 0.96328125 0.096875 0.0734375
8 0.271875 0.76484375 0.3875 0.4703125
0 0.7296875 0.62890625 0.05625 0.0671875
0 0.80234375 0.62109375 0.0609375 0.0640625