10 0.1953125 0.06171875 0.259375 0.1234375
0 0.3125 0.33203125 0.09375 0.1296875
0 0.16875 0.3234375 0.1 0.121875
3 0.08046875 0.146875 0.0609375 0.0625
3 0.3296875 0.1421875 0.075 0.0625
8 0.85390625 0.23671875 0.2921875 0.4734375
10 0.84140625 0.09375 0.2453125 0.1875
0 0.8359375 0.40546875 0.1640625 0.1203125
0 0.9203125 0.3671875 0.15 0.109375
10 0.39453125 0.82890625 0.196875 0.1875
5 0.378125 0.678125 0.1265625 0.0671875
8 0.39375 0.81953125 0.30625 0.3609375
3 0.29765625 0.94453125 0.0609375 0.0546875
3 0.50625 0.9421875 0.059375 0.05625
7 0.384375 0.72421875 0.0875 0.0296875
0 0.86640625 0.64453125 0.0796875 0.05
0 0.97109375 0.64140625 0.0578125 0.0546875