10 0.05859375 0.13359375 0.1171875 0.2671875
0 0.0765625 0.50546875 0.1296875 0.1546875
8 0.09453125 0.29921875 0.1890625 0.5984375
5 0.51484375 0.0640625 0.1984375 0.096875
10 0.5234375 0.2734375 0.24375 0.2421875
3 0.55 0.43125 0.0828125 0.06875
8 0.53828125 0.30625 0.2765625 0.5875
7 0.571875 0.125 0.0734375 0.04375
0 0.61328125 0.59140625 0.1390625 0.0171875
8 0.1203125 0.8453125 0.240625 0.309375
10 0.653125 0.67578125 0.184375 0.1515625
0 0.625 0.88984375 0.0609375 0.0796875
0 0.7140625 0.91953125 0.071875 0.0953125
8 0.6640625 0.78359375 0.265625 0.3671875