0 0.49453125 0.18359375 0.0484375 0.1265625
0 0.3765625 0.22109375 0.146875 0.1609375
10 0.58046875 0.1359375 0.1234375 0.19375
3 0.6484375 0.26015625 0.08125 0.0796875
10 0.17421875 0.74609375 0.2203125 0.1921875
0 0.21328125 0.98046875 0.0703125 0.0390625
5 0.1796875 0.575 0.125 0.0625
2 0.1875 0.61328125 0.0875 0.0203125
3 0.04140625 0.86796875 0.0578125 0.0609375
3 0.3375 0.86171875 0.053125 0.0640625
10 0.6046875 0.4296875 0.171875 0.221875
8 0.653125 0.659375 0.26875 0.68125
3 0.62890625 0.57734375 0.1171875 0.09375
0 0.58125 0.8 0.125 0.071875
0 0.67734375 0.83359375 0.153125 0.0921875