8 0.42578125 0.053125 0.2421875 0.10625
0 0.4015625 0.0578125 0.0828125 0.04375
0 0.50625 0.078125 0.0640625 0.053125
0 0.72109375 0.10625 0.0890625 0.078125
0 0.82578125 0.10859375 0.1109375 0.0734375
3 0.82890625 0.01015625 0.0546875 0.0203125
10 0.22578125 0.58359375 0.2390625 0.1296875
3 0.08671875 0.67109375 0.09375 0.0828125
8 0.2140625 0.740625 0.384375 0.44375
3 0.37109375 0.6625 0.0671875 0.071875
0 0.2734375 0.91171875 0.1125 0.0984375
0 0.11953125 0.84609375 0.0953125 0.084375
10 0.65703125 0.61171875 0.1421875 0.1265625
0 0.6359375 0.80390625 0.0625 0.0703125
0 0.73359375 0.80859375 0.0671875 0.0671875
3 0.75 0.690625 0.0375 0.04375
2 0.63046875 0.52265625 0.0609375 0.0078125