10 0.359375 0.328125 0.203125 0.221875
5 0.3484375 0.1421875 0.171875 0.0828125
8 0.34609375 0.265625 0.3515625 0.346875
3 0.50078125 0.425 0.0578125 0.028125
7 0.3671875 0.19609375 0.0890625 0.0375
5 0.95625 0.15546875 0.0875 0.2140625
10 0.253125 0.50390625 0.2 0.1296875
8 0.25 0.6140625 0.309375 0.35
0 0.2171875 0.7671875 0.078125 0.0515625
3 0.15390625 0.590625 0.0578125 0.05
3 0.3578125 0.584375 0.0703125 0.0515625
0 0.33515625 0.76484375 0.075 0.0546875
10 0.746875 0.8078125 0.33125 0.384375
8 0.76875 0.71953125 0.378125 0.5609375