0 0.0171875 0.32734375 0.034375 0.1703125
0 0.1125 0.2578125 0.1 0.128125
3 0.2765625 0.07890625 0.0625 0.0765625
10 0.79296875 0.24765625 0.271875 0.2859375
8 0.77578125 0.2296875 0.4484375 0.459375
10 0.17109375 0.66015625 0.1703125 0.1515625
0 0.225 0.87890625 0.0625 0.0859375
0 0.15859375 0.884375 0.0671875 0.084375
5 0.165625 0.52421875 0.096875 0.0453125
2 0.17265625 0.54921875 0.0765625 0.0171875
3 0.08515625 0.7609375 0.0515625 0.05
3 0.28671875 0.7484375 0.0359375 0.05
10 0.71796875 0.67109375 0.3578125 0.3203125
8 0.7703125 0.7296875 0.459375 0.540625