10 0.85859375 0.2046875 0.1109375 0.096875
0 0.8703125 0.353125 0.046875 0.053125
0 0.81640625 0.35234375 0.0390625 0.0546875
5 0.8625 0.11796875 0.059375 0.0265625
3 0.7921875 0.26484375 0.028125 0.0296875
3 0.93671875 0.26328125 0.0234375 0.0296875
2 0.86875 0.13671875 0.046875 0.0109375
10 0.22421875 0.76875 0.1359375 0.121875
0 0.19375 0.9609375 0.053125 0.071875
0 0.271875 0.9484375 0.053125 0.059375
5 0.21953125 0.659375 0.0953125 0.040625
3 0.140625 0.84453125 0.028125 0.0359375
3 0.3265625 0.83984375 0.0375 0.0421875
2 0.20546875 0.68125 0.0546875 0.015625
0 0.73125 0.88359375 0.15 0.1671875
3 0.5859375 0.6375 0.075 0.065625
3 0.9734375 0.62109375 0.053125 0.0421875