10 0.1296875 0.0921875 0.259375 0.184375
0 0.1734375 0.4296875 0.128125 0.1375
0 0.0734375 0.390625 0.146875 0.125
3 0.0078125 0.19765625 0.015625 0.0640625
3 0.18359375 0.22265625 0.0859375 0.0765625
8 0.61328125 0.34453125 0.3484375 0.5890625
10 0.6015625 0.3421875 0.20625 0.26875
5 0.6015625 0.115625 0.2140625 0.0984375
3 0.65625 0.515625 0.10625 0.0984375
3 0.478125 0.47734375 0.0765625 0.0890625
10 0.225 0.8640625 0.271875 0.240625
5 0.20703125 0.65703125 0.1859375 0.0359375
3 0.09296875 0.97890625 0.0578125 0.0421875
3 0.2890625 0.990625 0.08125 0.01875
2 0.17578125 0.6859375 0.1109375 0.025
3 0.75 0.82734375 0.5 0.3453125