10 0.3078125 0.134375 0.2625 0.225
3 0.25234375 0.28359375 0.0765625 0.0640625
3 0.45078125 0.24765625 0.0484375 0.0609375
3 0.734375 0.2703125 0.35 0.2375
10 0.2953125 0.4296875 0.215625 0.08125
0 0.2828125 0.64375 0.084375 0.09375
0 0.396875 0.64140625 0.084375 0.0984375
3 0.2140625 0.50546875 0.0625 0.0640625
3 0.4203125 0.4890625 0.05625 0.05625
10 0.765625 0.703125 0.1796875 0.2265625
5 0.753125 0.51328125 0.175 0.0859375
8 0.7625 0.73046875 0.3125 0.5390625
3 0.70703125 0.84765625 0.084375 0.065625
3 0.8953125 0.82265625 0.0546875 0.065625
7 0.78671875 0.57421875 0.0875 0.0484375