10 0.38828125 0.3859375 0.2421875 0.128125
5 0.41328125 0.23046875 0.146875 0.071875
8 0.34453125 0.32109375 0.3296875 0.2578125
10 0.86328125 0.15625 0.2734375 0.3125
8 0.85859375 0.225 0.2828125 0.45
10 0.3640625 0.5609375 0.290625 0.221875
0 0.37265625 0.91328125 0.1140625 0.1484375
0 0.4859375 0.9375 0.046875 0.125
3 0.33515625 0.5515625 0.1390625 0.059375
3 0.428125 0.5921875 0.125 0.071875
10 0.87578125 0.5625 0.2484375 0.225
0 0.97578125 0.91484375 0.0484375 0.1296875
0 0.928125 0.95078125 0.14375 0.0984375
8 0.8625 0.725 0.275 0.55