10 0.340625 0.15546875 0.078125 0.2015625
0 0.34609375 0.46484375 0.0671875 0.1203125
3 0.30390625 0.2953125 0.0640625 0.05
10 0.7 0.25 0.246875 0.209375
0 0.6765625 0.56640625 0.1625 0.1265625
0 0.7890625 0.5328125 0.153125 0.109375
5 0.69453125 0.0390625 0.1765625 0.065625
2 0.72734375 0.0765625 0.1046875 0.01875
3 0.67109375 0.39296875 0.0765625 0.0515625
3 0.84140625 0.353125 0.0359375 0.0625
8 0.2890625 0.8546875 0.18125 0.290625
0 0.33671875 0.94140625 0.0859375 0.1171875
0 0.3140625 0.89296875 0.13125 0.1421875
3 0.55 0.87890625 0.340625 0.2421875