10 0.31796875 0.0671875 0.2421875 0.134375
0 0.42265625 0.3640625 0.1296875 0.13125
0 0.2640625 0.3234375 0.090625 0.1125
3 0.2078125 0.16953125 0.06875 0.0640625
3 0.4484375 0.134375 0.04375 0.046875
10 0.91015625 0.37578125 0.1796875 0.2546875
5 0.93359375 0.1359375 0.1328125 0.08125
8 0.86796875 0.3390625 0.2640625 0.5
8 0.26953125 0.79453125 0.5390625 0.4109375
10 0.6375 0.87265625 0.196875 0.2140625
5 0.609375 0.6921875 0.140625 0.075
8 0.6703125 0.8328125 0.2625 0.334375
7 0.6125 0.746875 0.1015625 0.04375
3 0.75625 0.98046875 0.06875 0.0390625