10 0.3125 0.0828125 0.121875 0.115625
0 0.284375 0.2625 0.059375 0.075
0 0.3265625 0.2515625 0.040625 0.05
2 0.3171875 0.003125 0.0625 0.00625
3 0.23671875 0.1546875 0.0328125 0.0375
3 0.4046875 0.146875 0.028125 0.034375
0 0.98828125 0.15859375 0.0234375 0.0734375
8 0.95703125 0.10234375 0.0859375 0.2046875
10 0.1 0.89375 0.2 0.2125
5 0.0703125 0.68203125 0.140625 0.0796875
8 0.13203125 0.8203125 0.2640625 0.359375
10 0.61171875 0.78046875 0.0859375 0.0921875
0 0.640625 0.92421875 0.05625 0.0578125
0 0.578125 0.91015625 0.01875 0.0453125
5 0.60390625 0.6984375 0.0609375 0.03125
2 0.60859375 0.7125 0.0453125 0.0125