10 0.2609375 0.19140625 0.184375 0.1578125
0 0.23359375 0.40859375 0.0609375 0.0796875
0 0.321875 0.43828125 0.071875 0.0953125
5 0.26171875 0.05234375 0.1234375 0.0484375
3 0.1671875 0.29609375 0.053125 0.0453125
3 0.37265625 0.28828125 0.0453125 0.0453125
2 0.2609375 0.07890625 0.090625 0.0140625
0 0.76875 0.12265625 0.0625 0.0859375
0 0.70234375 0.128125 0.0671875 0.084375
3 0.62890625 0.01484375 0.0515625 0.0296875
3 0.83046875 0.00859375 0.0359375 0.0171875
10 0.14140625 0.54765625 0.1109375 0.0953125
0 0.153125 0.6953125 0.046875 0.053125
0 0.09921875 0.69453125 0.0390625 0.0546875
3 0.075 0.60703125 0.028125 0.0296875
3 0.21953125 0.60546875 0.0234375 0.0296875
10 0.66953125 0.625 0.234375 0.215625
0 0.59453125 0.9046875 0.071875 0.115625
0 0.73125 0.95078125 0.096875 0.0984375
8 0.70390625 0.75 0.3296875 0.5