10 0.134375 0.04375 0.125 0.0875
0 0.1140625 0.2125 0.053125 0.078125
0 0.1515625 0.19453125 0.04375 0.0609375
3 0.0578125 0.10625 0.034375 0.028125
3 0.22734375 0.10390625 0.0296875 0.0390625
10 0.95078125 0.02421875 0.0984375 0.0484375
0 0.9390625 0.1796875 0.053125 0.071875
3 0.8859375 0.06328125 0.028125 0.0359375
10 0.38125 0.8875 0.215625 0.215625
8 0.3453125 0.83984375 0.2875 0.3203125
5 0.38125 0.7125 0.1484375 0.0734375
7 0.39453125 0.76484375 0.0984375 0.034375
10 0.9515625 0.703125 0.096875 0.0875
8 0.934375 0.77890625 0.13125 0.2390625
3 0.9078125 0.7609375 0.0375 0.04375