9 0.25390625 0.340625 0.3484375 0.61875
11 0.22890625 0.28671875 0.246875 0.240625
6 0.22421875 0.0828125 0.171875 0.084375
4 0.11015625 0.41875 0.0734375 0.08125
4 0.35625 0.4359375 0.109375 0.084375
1 0.20234375 0.6234375 0.1296875 0.053125
1 0.3390625 0.63359375 0.109375 0.0328125
7 0.20703125 0.14921875 0.090625 0.0375
3 0.63046875 0.2375 0.2234375 0.475
3 0.9109375 0.45234375 0.178125 0.3953125
0 0.0515625 0.80625 0.075 0.10625
0 0.17265625 0.8046875 0.0859375 0.103125
3 0.18984375 0.66015625 0.0515625 0.0203125
10 0.96328125 0.853125 0.0734375 0.23125
5 0.940625 0.67578125 0.11875 0.0515625
8 0.91875 0.825 0.1625 0.35
3 0.95625 0.98515625 0.0875 0.0296875
7 0.984375 0.71484375 0.03125 0.0390625