10 0.19921875 0.06015625 0.1390625 0.1203125
0 0.23203125 0.25 0.0671875 0.071875
0 0.16484375 0.2359375 0.0421875 0.059375
3 0.13203125 0.1359375 0.0421875 0.0375
3 0.2875 0.13359375 0.025 0.0421875
10 0.73359375 0.44453125 0.2421875 0.2078125
5 0.7421875 0.26015625 0.1421875 0.06875
8 0.740625 0.4078125 0.3625 0.3625
10 0.475 0.77578125 0.125 0.1140625
0 0.4546875 0.9578125 0.053125 0.078125
0 0.4921875 0.93984375 0.04375 0.0609375
5 0.475 0.67265625 0.09375 0.0359375
3 0.39765625 0.8515625 0.0328125 0.034375
3 0.55625 0.846875 0.00625 0.04375
2 0.478125 0.6921875 0.059375 0.0125
10 0.6984375 0.8140625 0.25625 0.265625
5 0.71328125 0.6015625 0.1953125 0.025
2 0.6546875 0.6171875 0.090625 0.025
3 0.72421875 0.9765625 0.1140625 0.046875