10 0.221875 0.1046875 0.215625 0.209375
0 0.1828125 0.43828125 0.146875 0.1390625
0 0.30546875 0.46875 0.0484375 0.153125
8 0.19765625 0.27265625 0.2640625 0.5453125
10 0.69765625 0.265625 0.1765625 0.31875
5 0.68203125 0.009375 0.0828125 0.01875
8 0.67109375 0.29453125 0.6578125 0.5890625
8 0.08515625 0.79453125 0.1703125 0.4109375
10 0.6359375 0.64140625 0.159375 0.1046875
0 0.5984375 0.8296875 0.059375 0.08125
0 0.69140625 0.8359375 0.0671875 0.078125
5 0.64609375 0.7328125 0.2734375 0.2875
3 0.746875 0.70625 0.0375 0.046875
3 0.553125 0.7140625 0.040625 0.046875