0 0.41484375 0.209375 0.0296875 0.0625
0 0.41484375 0.209375 0.0296875 0.0625
3 0.39609375 0.10625 0.0359375 0.034375
8 0.59140625 0.16796875 0.3234375 0.3359375
3 0.4625 0.06484375 0.065625 0.0640625
3 0.7078125 0.05859375 0.0609375 0.06875
0 0.52578125 0.271875 0.09375 0.0609375
0 0.66640625 0.26328125 0.1203125 0.0625
0 0.01640625 0.69609375 0.0328125 0.0640625
8 0.03515625 0.63046875 0.0703125 0.2015625
0 0.9671875 0.81796875 0.065625 0.1484375
0 0.840625 0.7671875 0.071875 0.096875
3 0.81328125 0.61015625 0.0796875 0.0640625