10 0.440625 0.1875 0.15 0.14375
0 0.38515625 0.403125 0.0890625 0.075
0 0.47109375 0.40390625 0.0671875 0.0765625
5 0.44296875 0.059375 0.1015625 0.046875
2 0.41875 0.08671875 0.059375 0.0203125
3 0.34921875 0.275 0.0390625 0.04375
3 0.51328125 0.28125 0.0109375 0.046875
10 0.61640625 0.0921875 0.1109375 0.09375
0 0.6328125 0.23984375 0.05 0.0578125
0 0.56015625 0.2296875 0.0359375 0.046875
5 0.61796875 0.01015625 0.0640625 0.0203125
3 0.54921875 0.153125 0.0296875 0.028125
3 0.67734375 0.15546875 0.0265625 0.0265625
2 0.61953125 0.025 0.0515625 0.009375
10 0.35234375 0.78125 0.1921875 0.165625
0 0.309375 0.9828125 0.0875 0.034375
5 0.34375 0.6328125 0.109375 0.053125
3 0.2171875 0.8828125 0.04375 0.046875
3 0.46328125 0.88125 0.0484375 0.05
2 0.3421875 0.6625 0.09375 0.015625
10 0.8234375 0.603125 0.159375 0.146875
0 0.87734375 0.82734375 0.1171875 0.0828125
0 0.75859375 0.8125 0.0546875 0.06875
2 0.83046875 0.4953125 0.0796875 0.0125
3 0.73671875 0.69921875 0.0484375 0.0390625
3 0.92734375 0.6890625 0.0390625 0.046875