10 0.06796875 0.07890625 0.1359375 0.1421875
0 0.07578125 0.2859375 0.075 0.078125
8 0.0953125 0.16796875 0.190625 0.3359375
10 0.8984375 0.290625 0.203125 0.23125
0 0.9140625 0.63515625 0.171875 0.1265625
0 0.9640625 0.59453125 0.071875 0.1140625
5 0.90546875 0.0765625 0.1859375 0.075
2 0.9328125 0.1109375 0.1125 0.01875
3 0.94765625 0.4609375 0.0734375 0.0625
0 0.3765625 0.71640625 0.05 0.0328125
0 0.4515625 0.72265625 0.059375 0.0453125
5 0.57734375 0.74375 0.0890625 0.084375
10 0.5984375 0.93671875 0.159375 0.1265625
8 0.72734375 0.85 0.4171875 0.3