10 0.51640625 0.11015625 0.1875 0.178125
8 0.51171875 0.26875 0.3078125 0.5375
0 0.471875 0.3515625 0.09375 0.05
0 0.59609375 0.390625 0.1140625 0.065625
3 0.38515625 0.21171875 0.0625 0.0640625
3 0.64296875 0.20859375 0.05625 0.0625
7 0.51171875 0.0109375 0.0671875 0.021875
10 0.76015625 0.3578125 0.1421875 0.284375
5 0.76640625 0.1109375 0.1546875 0.103125
2 0.7578125 0.1609375 0.134375 0.025
3 0.85 0.4921875 0.046875 0.075
10 0.415625 0.68203125 0.253125 0.2359375
0 0.434375 0.97265625 0.096875 0.0546875
8 0.4234375 0.76953125 0.48125 0.4609375