10 0.1015625 0.29375 0.203125 0.171875
5 0.06171875 0.121875 0.1234375 0.059375
2 0.0515625 0.16171875 0.103125 0.0203125
8 0.68984375 0.08828125 0.3265625 0.1765625
0 0.6703125 0.15 0.0765625 0.05
0 0.8046875 0.14765625 0.0734375 0.0359375
10 0.30859375 0.5609375 0.2609375 0.21875
0 0.3 0.88984375 0.171875 0.1265625
0 0.3953125 0.8546875 0.128125 0.1125
2 0.34375 0.39140625 0.10625 0.0234375
3 0.3015625 0.70859375 0.075 0.0546875
3 0.44453125 0.66640625 0.0296875 0.0609375
3 0.5359375 0.7125 0.153125 0.575