10 0.140625 0.3921875 0.234375 0.215625
5 0.1578125 0.19375 0.146875 0.071875
2 0.15859375 0.2359375 0.0984375 0.025
3 0.01796875 0.53046875 0.0359375 0.0578125
3 0.30078125 0.51953125 0.0421875 0.0703125
10 0.88046875 0.228125 0.1359375 0.11875
0 0.93671875 0.409375 0.0609375 0.065625
0 0.86328125 0.41015625 0.0421875 0.0671875
5 0.86640625 0.1203125 0.0828125 0.0375
3 0.80859375 0.30859375 0.0421875 0.0359375
3 0.95703125 0.2921875 0.0328125 0.040625
2 0.87734375 0.1421875 0.0609375 0.0125
5 0.3421875 0.940625 0.0390625 0.0625
10 0.66328125 0.61796875 0.1734375 0.1171875
8 0.66953125 0.7796875 0.2734375 0.440625