10 0.359375 0.12109375 0.19375 0.1703125
0 0.2796875 0.36953125 0.078125 0.0890625
0 0.3921875 0.378125 0.090625 0.096875
3 0.5046875 0.2234375 0.040625 0.059375
3 0.2359375 0.23046875 0.046875 0.0515625
10 0.94921875 0.1234375 0.1015625 0.246875
0 0.93125 0.46953125 0.1375 0.1359375
8 0.91953125 0.29375 0.1609375 0.5875
10 0.82890625 0.80234375 0.1546875 0.1359375
0 0.80703125 0.98359375 0.0609375 0.0328125
0 0.8984375 0.98515625 0.06875 0.0296875
5 0.8125 0.68046875 0.084375 0.0234375
2 0.81796875 0.69453125 0.0640625 0.0171875
3 0.73203125 0.8890625 0.0359375 0.04375
3 0.93203125 0.8828125 0.0390625 0.046875