10 0.234375 0.1953125 0.1796875 0.18125
5 0.25859375 0.0515625 0.1296875 0.06875
8 0.23828125 0.2734375 0.2890625 0.5078125
3 0.134375 0.29609375 0.065625 0.0625
0 0.2765625 0.4890625 0.096875 0.05625
0 0.1609375 0.43984375 0.071875 0.0578125
10 0.7625 0.15546875 0.15 0.1421875
0 0.778125 0.3625 0.075 0.078125
0 0.67890625 0.36171875 0.0609375 0.0765625
5 0.7640625 0.028125 0.090625 0.04375
2 0.765625 0.0515625 0.0625 0.015625
3 0.85 0.2421875 0.040625 0.04375
3 0.6578125 0.24296875 0.040625 0.0484375
10 0.271875 0.66953125 0.23125 0.0796875
8 0.271875 0.809375 0.3625 0.359375
3 0.15703125 0.73515625 0.08125 0.0640625
3 0.4078125 0.7234375 0.06875 0.0640625
0 0.2203125 0.9359375 0.08125 0.0671875
0 0.3640625 0.92734375 0.115625 0.05625
8 0.94453125 0.81484375 0.1109375 0.3703125