8 0.134375 0.23984375 0.26875 0.4796875
10 0.125 0.10546875 0.25 0.2109375
3 0.15546875 0.2484375 0.0875 0.0671875
0 0.13671875 0.459375 0.1921875 0.040625
0 0.215625 0.43046875 0.13125 0.05625
10 0.96875 0.2171875 0.0625 0.265625
2 0.98828125 0.0203125 0.0234375 0.025
10 0.18671875 0.62578125 0.1140625 0.0984375
0 0.1953125 0.7703125 0.046875 0.05625
0 0.1515625 0.77578125 0.05 0.0640625
5 0.184375 0.5375 0.0625 0.03125
3 0.1171875 0.68515625 0.025 0.0265625
5 0.2671875 0.678125 0.021875 0.028125
2 0.184375 0.5546875 0.046875 0.009375
10 0.659375 0.73203125 0.109375 0.0921875
0 0.7 0.87578125 0.05625 0.0578125
0 0.62578125 0.86171875 0.0421875 0.0453125
5 0.6625 0.65 0.0625 0.03125
2 0.6640625 0.66484375 0.053125 0.0078125
3 0.6203125 0.78828125 0.03125 0.0265625
3 0.71484375 0.784375 0.0203125 0.025