10 0.25078125 0.18984375 0.1859375 0.1671875
0 0.16328125 0.4171875 0.05625 0.08125
0 0.28984375 0.42734375 0.0828125 0.0640625
5 0.26328125 0.0515625 0.1203125 0.0640625
8 0.24453125 0.23984375 0.2828125 0.4390625
10 0.80234375 0.078125 0.3109375 0.15625
0 0.80078125 0.39140625 0.1140625 0.1359375
0 0.9453125 0.409375 0.109375 0.1
3 0.76328125 0.0359375 0.1390625 0.059375
3 0.85625 0.0765625 0.125 0.071875
10 0.146875 0.728125 0.259375 0.284375
5 0.16875 0.49609375 0.240625 0.0734375
8 0.17265625 0.7296875 0.3453125 0.540625
0 0.778125 0.59453125 0.0625 0.0703125
0 0.87578125 0.59921875 0.0671875 0.0671875
3 0.70859375 0.47890625 0.0328125 0.0390625
3 0.8921875 0.48125 0.0375 0.04375