10 0.04140625 0.30625 0.0828125 0.1
5 0.02890625 0.22109375 0.0578125 0.0328125
3 0.11015625 0.36015625 0.0234375 0.0328125
2 0.02734375 0.23828125 0.0484375 0.0109375
0 0.73125 0.31796875 0.1390625 0.1671875
0 0.5515625 0.3140625 0.0921875 0.1625
8 0.6234375 0.20859375 0.4875 0.4171875
10 0.32578125 0.56796875 0.1078125 0.1421875
5 0.34609375 0.45546875 0.0671875 0.0515625
8 0.29609375 0.6375 0.1671875 0.434375
3 0.25078125 0.65546875 0.046875 0.0484375
0 0.303125 0.803125 0.053125 0.0484375
0 0.35390625 0.79453125 0.0515625 0.0453125
10 0.74140625 0.55546875 0.1453125 0.134375
5 0.73515625 0.4453125 0.1046875 0.053125
8 0.73984375 0.60234375 0.2328125 0.3671875
0 0.72109375 0.765625 0.0765625 0.04375
0 0.7984375 0.74609375 0.0796875 0.0484375
3 0.8421875 0.62890625 0.0359375 0.0375