0 0.3125 0.103125 0.046875 0.05625
0 0.26875 0.10859375 0.05 0.0640625
3 0.38359375 0.01328125 0.0265625 0.0265625
3 0.2375 0.01875 0.025 0.03125
0 0.871875 0.05625 0.053125 0.065625
0 0.9359375 0.071875 0.05625 0.075
10 0.328125 0.65390625 0.271875 0.1484375
0 0.2453125 0.93984375 0.175 0.1203125
0 0.37109375 0.96015625 0.1359375 0.0796875
3 0.18671875 0.73203125 0.0546875 0.0703125
3 0.39609375 0.7671875 0.1015625 0.078125
8 0.5859375 0.6890625 0.16875 0.21875
10 0.58125 0.6328125 0.0953125 0.090625
0 0.52421875 0.690625 0.03125 0.028125
0 0.65390625 0.6859375 0.028125 0.03125