10 0.1375 0.2515625 0.15 0.140625
0 0.0765625 0.43828125 0.078125 0.0703125
0 0.17109375 0.4671875 0.0609375 0.08125
5 0.1390625 0.1234375 0.10625 0.040625
3 0.040625 0.33359375 0.0375 0.0421875
3 0.2296875 0.340625 0.05 0.046875
2 0.12109375 0.146875 0.0703125 0.015625
10 0.6984375 0.20078125 0.153125 0.1515625
0 0.6609375 0.42578125 0.078125 0.0890625
0 0.74453125 0.4078125 0.05625 0.071875
5 0.69609375 0.0671875 0.1203125 0.0484375
8 0.71015625 0.2578125 0.2265625 0.4375
10 0.309375 0.91796875 0.1453125 0.1296875
5 0.29609375 0.80390625 0.1125 0.0484375
8 0.31015625 0.88984375 0.2234375 0.2203125
10 0.88203125 0.9453125 0.1484375 0.109375
5 0.87890625 0.846875 0.121875 0.0578125
8 0.87734375 0.90546875 0.2453125 0.1890625
7 0.85546875 0.8859375 0.040625 0.0203125