10 0.03515625 0.196875 0.0703125 0.10625
0 0.053125 0.3578125 0.0640625 0.0625
5 0.028125 0.10234375 0.05625 0.0328125
8 0.05234375 0.240625 0.1046875 0.315625
10 0.5578125 0.11640625 0.15625 0.1515625
5 0.54921875 0.0109375 0.1046875 0.021875
8 0.58203125 0.19453125 0.2046875 0.3890625
0 0.528125 0.35625 0.0734375 0.0421875
0 0.62109375 0.365625 0.09375 0.040625
3 0.65546875 0.2046875 0.0375 0.046875
3 0.49296875 0.209375 0.0265625 0.04375
7 0.55703125 0.0296875 0.0671875 0.0265625
10 0.24140625 0.5421875 0.1859375 0.125
0 0.1546875 0.7484375 0.05625 0.08125
0 0.28203125 0.78203125 0.0828125 0.1109375
3 0.13671875 0.6328125 0.0546875 0.05
3 0.3421875 0.6265625 0.04375 0.046875
10 0.79296875 0.6609375 0.1703125 0.33125
8 0.73984375 0.73984375 0.5203125 0.5203125