0 0.26484375 0.2609375 0.1296875 0.13125
0 0.10625 0.2203125 0.090625 0.1125
3 0.05 0.06640625 0.06875 0.0640625
3 0.290625 0.03125 0.04375 0.046875
10 0.6953125 0.18515625 0.184375 0.1578125
0 0.6671875 0.40234375 0.0609375 0.0796875
0 0.75625 0.43203125 0.071875 0.0953125
5 0.69609375 0.0453125 0.1234375 0.0484375
8 0.70703125 0.24765625 0.265625 0.465625
5 0.55234375 0.6234375 0.1984375 0.0953125
10 0.59140625 0.825 0.184375 0.2421875
8 0.56328125 0.78125 0.3015625 0.4375
3 0.56953125 0.9703125 0.0859375 0.059375
7 0.6078125 0.67890625 0.075 0.0484375