0 0.0875 0.29609375 0.128125 0.1578125
0 0.2546875 0.2640625 0.171875 0.15
8 0.19140625 0.18515625 0.3828125 0.3703125
10 0.634375 0.12421875 0.15 0.2484375
8 0.67578125 0.225 0.2328125 0.45
10 0.1734375 0.61484375 0.2484375 0.246875
8 0.175 0.725 0.3 0.55
3 0.209375 0.78203125 0.078125 0.0625
0 0.1890625 0.98203125 0.184375 0.0359375
0 0.259375 0.95390625 0.1421875 0.0546875
7 0.2203125 0.4671875 0.06875 0.034375
10 0.709375 0.4921875 0.1 0.084375
0 0.6828125 0.6265625 0.046875 0.053125
0 0.740625 0.62421875 0.053125 0.0515625
3 0.6546875 0.54609375 0.028125 0.0265625
3 0.76796875 0.54140625 0.0203125 0.0265625