8 0.22421875 0.21484375 0.3671875 0.4296875
10 0.2125 0.09296875 0.246875 0.1859375
0 0.315625 0.38203125 0.090625 0.0953125
0 0.18203125 0.37421875 0.1421875 0.1109375
10 0.846875 0.03359375 0.203125 0.0671875
0 0.79296875 0.23203125 0.078125 0.0953125
0 0.9078125 0.23046875 0.075 0.1015625
8 0.8453125 0.14296875 0.296875 0.2859375
10 0.415625 0.646875 0.128125 0.23125
5 0.39453125 0.46171875 0.1703125 0.0640625
8 0.375 0.71484375 0.209375 0.5703125
3 0.39609375 0.796875 0.0921875 0.0703125
7 0.43984375 0.50546875 0.0796875 0.0453125
0 0.44609375 0.9796875 0.0671875 0.040625
3 0.78828125 0.5265625 0.4234375 0.19375
3 0.73984375 0.85390625 0.4796875 0.2921875