10 0.22578125 0.25390625 0.125 0.1078125
0 0.171875 0.4140625 0.0390625 0.05625
0 0.2453125 0.42578125 0.065625 0.0640625
5 0.22890625 0.15859375 0.0796875 0.040625
8 0.20546875 0.2984375 0.1671875 0.340625
10 0.625 0.11953125 0.15 0.1453125
0 0.57265625 0.33984375 0.0890625 0.0828125
0 0.659375 0.3296875 0.059375 0.075
5 0.6265625 0.00546875 0.109375 0.0109375
3 0.53984375 0.2078125 0.0328125 0.040625
3 0.70078125 0.209375 0.0453125 0.04375
2 0.5984375 0.0140625 0.059375 0.015625
10 0.53046875 0.73125 0.1109375 0.1
0 0.5421875 0.875 0.046875 0.05625
0 0.50546875 0.88515625 0.0640625 0.0640625
5 0.52734375 0.65625 0.0671875 0.0125
3 0.61328125 0.78515625 0.0234375 0.0328125
3 0.46484375 0.79609375 0.0265625 0.0328125
2 0.53046875 0.66328125 0.0484375 0.0109375