10 0.15 0.2078125 0.184375 0.171875
0 0.09296875 0.446875 0.0671875 0.04375
0 0.1625 0.4390625 0.071875 0.059375
5 0.16015625 0.04921875 0.1203125 0.0484375
2 0.1734375 0.07890625 0.08125 0.0203125
3 0.0484375 0.31953125 0.053125 0.0515625
3 0.275 0.3109375 0.040625 0.05
5 0.578125 0.1125 0.0484375 0.0875
5 0.41875 0.13515625 0.046875 0.071875
5 0.6359375 0.14453125 0.0375 0.0625
5 0.5 0.15078125 0.0328125 0.0515625
5 0.709375 0.178125 0.040625 0.090625
5 0.884375 0.278125 0.059375 0.0625
10 0.64375 0.28359375 0.0484375 0.1875
10 0.4984375 0.2875 0.0625 0.1921875
10 0.575 0.296875 0.09375 0.253125
10 0.7 0.3171875 0.08125 0.234375
10 0.4171875 0.33671875 0.09375 0.2640625
10 0.87109375 0.40078125 0.1078125 0.1359375
10 0.09921875 0.5765625 0.1984375 0.215625
0 0.0796875 0.95078125 0.159375 0.0984375
0 0.15078125 0.91796875 0.2109375 0.1296875
8 0.16171875 0.734375 0.3234375 0.53125
10 0.7859375 0.8296875 0.203125 0.1875
5 0.78359375 0.66796875 0.1296875 0.0609375
3 0.66015625 0.9515625 0.0546875 0.04375
3 0.95 0.928125 0.05625 0.05625
2 0.78984375 0.703125 0.1109375 0.015625