10 0.26015625 0.22421875 0.0578125 0.1484375
0 0.2765625 0.4421875 0.025 0.075
5 0.2796875 0.0859375 0.01875 0.04375
8 0.24453125 0.27265625 0.0890625 0.4140625
10 0.5421875 0.04296875 0.109375 0.0859375
0 0.5828125 0.18359375 0.05625 0.0578125
0 0.50859375 0.16953125 0.0421875 0.0453125
3 0.503125 0.09609375 0.03125 0.0265625
3 0.59765625 0.0921875 0.0203125 0.025
5 0.58984375 0.496875 0.2015625 0.034375
10 0.64140625 0.66875 0.1515625 0.2421875
8 0.590625 0.73984375 0.30625 0.5203125
3 0.60625 0.8296875 0.084375 0.0671875
7 0.63671875 0.528125 0.090625 0.0453125
0 0.6828125 0.9921875 0.146875 0.015625