10 0.46796875 0.11328125 0.1703125 0.1515625
0 0.52265625 0.33203125 0.0609375 0.0859375
0 0.45546875 0.3375 0.0671875 0.084375
2 0.4640625 0.00546875 0.0875 0.0109375
3 0.38125 0.2171875 0.059375 0.053125
3 0.58359375 0.20234375 0.0390625 0.0484375
10 0.76328125 0.090625 0.1671875 0.15625
0 0.7921875 0.3203125 0.109375 0.0875
0 0.70234375 0.31640625 0.0453125 0.0828125
3 0.89453125 0.18203125 0.0328125 0.0484375
0 0.29609375 0.65703125 0.05625 0.0578125
0 0.22265625 0.64296875 0.0421875 0.0453125
8 0.25703125 0.63515625 0.1484375 0.1109375
10 0.9140625 0.82578125 0.171875 0.2578125
5 0.91953125 0.60234375 0.1609375 0.0453125
8 0.90078125 0.78984375 0.1984375 0.4203125