10 0.2171875 0.11484375 0.18125 0.1640625
0 0.1484375 0.3328125 0.06875 0.075
0 0.24921875 0.35078125 0.0640625 0.0765625
2 0.23046875 0.00234375 0.0734375 0.0046875
3 0.1125 0.21953125 0.05625 0.0484375
3 0.33359375 0.21796875 0.0453125 0.0546875
0 0.93125 0.32890625 0.1375 0.1203125
0 0.92265625 0.27421875 0.1546875 0.1265625
3 0.8 0.0625 0.065625 0.065625
10 0.31953125 0.5984375 0.2109375 0.1875
0 0.29453125 0.90234375 0.0953125 0.1234375
0 0.3375 0.84765625 0.059375 0.0921875
5 0.309375 0.42734375 0.1328125 0.0625
8 0.340625 0.6828125 0.384375 0.5875
10 0.83046875 0.4890625 0.1609375 0.2
0 0.83046875 0.9296875 0.0515625 0.06875
0 0.88203125 0.9234375 0.0515625 0.0625
8 0.82109375 0.6828125 0.3234375 0.5875