10 0.2046875 0.10390625 0.23125 0.2015625
0 0.1390625 0.41328125 0.078125 0.1203125
0 0.2890625 0.403125 0.11875 0.115625
3 0.09140625 0.24375 0.0640625 0.05
3 0.33515625 0.2265625 0.0515625 0.059375
10 0.86328125 0.02734375 0.2234375 0.0546875
3 0.75625 0.08125 0.0875 0.0734375
8 0.83828125 0.17421875 0.3234375 0.3484375
0 0.9328125 0.290625 0.134375 0.065625
0 0.80234375 0.30703125 0.0984375 0.065625
3 0.98515625 0.07578125 0.0296875 0.0734375
3 0.23671875 0.6609375 0.4453125 0.303125
3 0.20859375 0.94609375 0.4171875 0.1078125
3 0.7984375 0.8390625 0.375 0.321875