10 0.23125 0.0453125 0.153125 0.090625
0 0.19375 0.23984375 0.078125 0.0890625
0 0.278125 0.221875 0.05625 0.071875
3 0.30234375 0.10703125 0.0515625 0.0453125
8 0.64296875 0.2296875 0.3078125 0.459375
10 0.634375 0.178125 0.246875 0.234375
0 0.709375 0.44609375 0.13125 0.0265625
10 0.0328125 0.53671875 0.065625 0.1546875
0 0.03515625 0.85703125 0.0703125 0.1421875
8 0.06640625 0.7 0.1328125 0.48125
10 0.85078125 0.61171875 0.1890625 0.1796875
0 0.81796875 0.89140625 0.071875 0.1078125
0 0.87578125 0.86015625 0.05625 0.0859375
8 0.84609375 0.7109375 0.3078125 0.503125