10 0.21328125 0.36015625 0.2859375 0.2515625
5 0.225 0.1234375 0.1625 0.075
2 0.225 0.16796875 0.125 0.0328125
3 0.08984375 0.51875 0.0953125 0.08125
3 0.365625 0.51796875 0.06875 0.0765625
10 0.6890625 0.19453125 0.134375 0.1359375
0 0.69140625 0.38828125 0.0671875 0.0765625
0 0.625 0.3875 0.05 0.071875
5 0.7046875 0.075 0.084375 0.0375
3 0.61171875 0.26953125 0.0390625 0.0359375
3 0.775 0.2765625 0.03125 0.0375
2 0.70859375 0.0953125 0.0640625 0.01875
10 0.06328125 0.90234375 0.1265625 0.1953125
5 0.05078125 0.725 0.1015625 0.071875
2 0.0453125 0.7609375 0.090625 0.01875
0 0.57109375 0.8921875 0.0515625 0.06875
0 0.62265625 0.8859375 0.0515625 0.0625
8 0.56171875 0.79921875 0.3234375 0.2796875