10 0.50703125 0.084375 0.1859375 0.16875
0 0.43984375 0.3765625 0.1 0.121875
0 0.56875 0.37421875 0.0625 0.1265625
8 0.47265625 0.21875 0.2546875 0.4375
10 0.8796875 0.1734375 0.146875 0.1375
0 0.90703125 0.384375 0.0671875 0.08125
0 0.809375 0.38125 0.05625 0.08125
5 0.8828125 0.04453125 0.084375 0.0359375
3 0.7828125 0.26171875 0.04375 0.0453125
3 0.97109375 0.26015625 0.0390625 0.0453125
2 0.88984375 0.06953125 0.0640625 0.0171875
0 0.365625 0.84140625 0.209375 0.1390625
0 0.53046875 0.7890625 0.1390625 0.11875
8 0.428125 0.746875 0.34375 0.334375
0 0.6625 0.65625 0.059375 0.090625
0 0.7078125 0.6375 0.053125 0.075