10 0.321875 0.075 0.3 0.15
0 0.2546875 0.38359375 0.09375 0.1328125
0 0.421875 0.37890625 0.121875 0.1421875
8 0.3328125 0.225 0.4375 0.45
10 0.67734375 0.20390625 0.1953125 0.2734375
8 0.7171875 0.225 0.275 0.45
0 0.11328125 0.95234375 0.1203125 0.0953125
10 0.74765625 0.73515625 0.1921875 0.1703125
0 0.6671875 0.96953125 0.078125 0.0609375
0 0.7796875 0.971875 0.090625 0.05625
5 0.746875 0.578125 0.121875 0.05625
3 0.62578125 0.846875 0.0484375 0.053125
3 0.8921875 0.83671875 0.04375 0.0671875
2 0.75703125 0.609375 0.0984375 0.01875