10 0.3171875 0.2859375 0.1921875 0.165625
5 0.309375 0.13671875 0.109375 0.053125
8 0.3015625 0.24140625 0.31875 0.2765625
0 0.696875 0.0734375 0.096875 0.05625
0 0.5984375 0.0265625 0.0375 0.053125
10 0.18359375 0.6765625 0.2671875 0.25
5 0.18828125 0.44765625 0.1765625 0.0765625
3 0.03203125 0.8359375 0.0640625 0.065625
3 0.42421875 0.79921875 0.0734375 0.0828125
2 0.221875 0.49296875 0.10625 0.0328125
10 0.9109375 0.48046875 0.178125 0.2015625
8 0.87734375 0.62578125 0.2453125 0.4921875
3 0.8203125 0.60546875 0.0734375 0.065625
0 0.8875 0.80859375 0.0984375 0.0546875
0 0.984375 0.79609375 0.03125 0.0609375