10 0.32890625 0.08515625 0.2140625 0.1703125
3 0.246875 0.196875 0.053125 0.046875
3 0.453125 0.1796875 0.053125 0.05625
0 0.8921875 0.03671875 0.15 0.0734375
10 0.19375 0.51015625 0.2015625 0.1828125
8 0.1921875 0.575 0.3140625 0.5046875
5 0.159375 0.353125 0.128125 0.0515625
3 0.309375 0.6109375 0.0609375 0.0609375
3 0.09921875 0.6203125 0.05625 0.053125
0 0.17578125 0.79296875 0.0890625 0.05
0 0.303125 0.79609375 0.08125 0.04375
7 0.16875 0.40390625 0.0734375 0.025
10 0.7296875 0.8015625 0.33125 0.396875
5 0.7125 0.3546875 0.165625 0.13125
8 0.70859375 0.64453125 0.4578125 0.7109375