0 0.4296875 0.06640625 0.078125 0.0890625
0 0.5 0.05546875 0.0375 0.0703125
0 0.65 0.05 0.1875 0.1
0 0.78203125 0.01953125 0.0890625 0.0390625
10 0.278125 0.42734375 0.246875 0.2015625
0 0.3578125 0.7421875 0.103125 0.13125
0 0.240625 0.72890625 0.10625 0.1234375
3 0.15859375 0.57109375 0.0671875 0.0546875
3 0.41640625 0.5375 0.0453125 0.053125
10 0.7296875 0.50703125 0.1453125 0.1296875
0 0.70625 0.69765625 0.059375 0.0671875
0 0.79375 0.690625 0.0671875 0.059375
5 0.71640625 0.39296875 0.1125 0.0484375
8 0.73125 0.5515625 0.2234375 0.371875