10 0.42421875 0.21953125 0.1890625 0.1671875
0 0.4609375 0.48515625 0.071875 0.1140625
0 0.3453125 0.45078125 0.059375 0.0765625
5 0.44453125 0.0796875 0.11875 0.0703125
8 0.42265625 0.29453125 0.3265625 0.5109375
10 0.93828125 0.0984375 0.1234375 0.196875
0 0.965625 0.46171875 0.06875 0.1359375
0 0.9296875 0.40234375 0.140625 0.1203125
8 0.92265625 0.26875 0.1546875 0.5375
10 0.265625 0.5953125 0.103125 0.090625
0 0.2171875 0.72890625 0.0453125 0.0484375
0 0.290625 0.7390625 0.053125 0.059375
8 0.26328125 0.66171875 0.1640625 0.2234375
0 0.628125 0.84140625 0.078125 0.1703125