10 0.446875 0.1921875 0.253125 0.2125
0 0.384375 0.509375 0.121875 0.13125
0 0.53203125 0.4875 0.1171875 0.115625
5 0.4375 0.01171875 0.153125 0.0234375
2 0.46484375 0.03046875 0.1109375 0.0171875
3 0.5890625 0.30703125 0.046875 0.0640625
3 0.36640625 0.334375 0.0734375 0.053125
3 0.825 0.3625 0.271875 0.434375
10 0.359375 0.72109375 0.234375 0.1984375
0 0.3046875 0.97890625 0.084375 0.0421875
0 0.446875 0.97734375 0.109375 0.0453125
3 0.259375 0.85078125 0.084375 0.0578125
3 0.49375 0.8421875 0.059375 0.065625
2 0.34921875 0.58203125 0.1140625 0.0046875
3 0.865625 0.92734375 0.26875 0.1453125