8 0.38828125 0.30078125 0.4015625 0.4578125
10 0.38203125 0.31796875 0.259375 0.2328125
5 0.3546875 0.109375 0.1515625 0.0671875
3 0.88984375 0.0859375 0.0875 0.0734375
8 0.89921875 0.2109375 0.2015625 0.421875
0 0.93203125 0.3109375 0.1125 0.0625
8 0.41875 0.73125 0.328125 0.403125
10 0.42265625 0.5609375 0.2734375 0.0625
3 0.41875 0.62890625 0.1125 0.084375
0 0.428125 0.8828125 0.1796875 0.0671875
0 0.34921875 0.82578125 0.140625 0.046875
3 0.68046875 0.65 0.1828125 0.240625
3 0.94375 0.775 0.1125 0.45