10 0.678125 0.1265625 0.171875 0.15625
0 0.709375 0.35625 0.109375 0.0875
0 0.6125 0.35234375 0.059375 0.0828125
5 0.703125 0.009375 0.1125 0.01875
8 0.69453125 0.20390625 0.2984375 0.4078125
10 0.14921875 0.69921875 0.1359375 0.1359375
0 0.11953125 0.890625 0.0609375 0.06875
0 0.221875 0.903125 0.059375 0.08125
3 0.0453125 0.7734375 0.03125 0.04375
3 0.24453125 0.78046875 0.0390625 0.0421875
10 0.703125 0.93359375 0.25625 0.1328125
5 0.70859375 0.75234375 0.196875 0.090625
8 0.72109375 0.85390625 0.4109375 0.2921875