5 0.3765625 0.04765625 0.065625 0.0953125
8 0.33828125 0.19453125 0.1421875 0.3890625
7 0.3875 0.1171875 0.04375 0.05
3 0.30390625 0.378125 0.0734375 0.021875
10 0.678125 0.0671875 0.23125 0.134375
8 0.6765625 0.19453125 0.3625 0.3890625
3 0.5609375 0.15859375 0.0734375 0.065625
3 0.8109375 0.14765625 0.053125 0.059375
0 0.628125 0.36171875 0.0984375 0.0546875
0 0.76796875 0.35 0.115625 0.0609375
0 0.36015625 0.77265625 0.0984375 0.1140625
0 0.84921875 0.5203125 0.0609375 0.06875
0 0.9515625 0.5328125 0.059375 0.08125
3 0.775 0.40703125 0.03125 0.0359375
3 0.97421875 0.41015625 0.0390625 0.0421875