10 0.19765625 0.1734375 0.1296875 0.11875
0 0.175 0.359375 0.05625 0.071875
0 0.209375 0.340625 0.046875 0.059375
5 0.1890625 0.0703125 0.084375 0.04375
3 0.1140625 0.2515625 0.034375 0.028125
3 0.2859375 0.2484375 0.03125 0.04375
2 0.19296875 0.09140625 0.0546875 0.0109375
10 0.58125 0.01640625 0.103125 0.0328125
0 0.5328125 0.12109375 0.0453125 0.0484375
0 0.60625 0.13125 0.053125 0.059375
8 0.58046875 0.0828125 0.1609375 0.165625
10 0.2421875 0.690625 0.265625 0.121875
0 0.278125 0.94609375 0.1 0.1078125
0 0.1484375 0.96875 0.096875 0.0625
8 0.25625 0.81484375 0.4875 0.3703125
10 0.6640625 0.821875 0.159375 0.146875
5 0.66484375 0.68515625 0.1078125 0.0453125
2 0.67109375 0.7140625 0.0796875 0.0125
3 0.57734375 0.91796875 0.0484375 0.0390625
3 0.76796875 0.9078125 0.0390625 0.046875