10 0.290625 0.1484375 0.246875 0.2625
0 0.1171875 0.4640625 0.228125 0.109375
0 0.3390625 0.4828125 0.159375 0.071875
3 0.26328125 0.32578125 0.1046875 0.0828125
0 0.67578125 0.08046875 0.0609375 0.0828125
0 0.775 0.0828125 0.075 0.08125
8 0.08125 0.67734375 0.1625 0.3171875
0 0.05625 0.76015625 0.1125 0.1265625
0 0.0796875 0.71953125 0.128125 0.1140625
10 0.62734375 0.5671875 0.1359375 0.096875
0 0.68359375 0.7375 0.0609375 0.065625
0 0.61015625 0.73828125 0.0421875 0.0671875
3 0.55546875 0.63671875 0.0421875 0.0359375
3 0.70390625 0.6203125 0.0328125 0.040625