0 0.071875 0.14609375 0.075 0.1015625
3 0.115625 0.0125 0.053125 0.025
3 0.4796875 0.3 0.28125 0.21875
10 0.2421875 0.56796875 0.19375 0.1828125
8 0.21328125 0.646875 0.2515625 0.475
5 0.2125 0.42265625 0.128125 0.0265625
3 0.15234375 0.678125 0.05625 0.053125
0 0.22890625 0.85078125 0.0890625 0.05
0 0.32734375 0.853125 0.0234375 0.04375
7 0.221875 0.46171875 0.0734375 0.025
5 0.67109375 0.57109375 0.1796875 0.0875
10 0.70078125 0.759375 0.1515625 0.2328125
8 0.67578125 0.759375 0.2953125 0.48125
3 0.66796875 0.90625 0.0828125 0.0671875
7 0.7171875 0.62109375 0.0734375 0.04375