10 0.4109375 0.28203125 0.15625 0.1984375
5 0.4234375 0.10390625 0.13125 0.0609375
8 0.38046875 0.24609375 0.2171875 0.3453125
10 0.5515625 0.18203125 0.125 0.1359375
0 0.5796875 0.384375 0.059375 0.06875
0 0.5 0.3828125 0.021875 0.071875
5 0.5390625 0.05078125 0.0875 0.0359375
2 0.5421875 0.0765625 0.08125 0.015625
3 0.6375 0.2671875 0.04375 0.046875
10 0.45625 0.76015625 0.065625 0.1734375
3 0.41328125 0.87421875 0.0546875 0.0515625
10 0.57421875 0.47109375 0.1453125 0.1046875
8 0.59140625 0.58046875 0.2046875 0.3234375
0 0.52890625 0.66953125 0.0796875 0.0515625
0 0.6 0.690625 0.0625 0.05625
3 0.675 0.5484375 0.0578125 0.059375