10 0.3125 0.18671875 0.18125 0.1609375
0 0.2640625 0.40625 0.0609375 0.078125
0 0.35625 0.4375 0.071875 0.103125
5 0.3125 0.0390625 0.0953125 0.05
8 0.3109375 0.2578125 0.296875 0.4875
8 0.6828125 0.221875 0.265625 0.44375
10 0.671875 0.0703125 0.24375 0.140625
3 0.70546875 0.17578125 0.0828125 0.059375
0 0.6796875 0.40703125 0.209375 0.0625
0 0.7484375 0.3578125 0.1234375 0.046875
10 0.5015625 0.69375 0.096875 0.09375
0 0.52578125 0.84140625 0.0484375 0.0578125
0 0.453125 0.83125 0.0359375 0.046875
5 0.5109375 0.60703125 0.0640625 0.0296875
8 0.4875 0.73671875 0.125 0.2796875
0 0.653125 0.6359375 0.10625 0.09375
0 0.58203125 0.6734375 0.0640625 0.10625