0 0.13125 0.21640625 0.1625 0.1265625
0 0.24375 0.1828125 0.153125 0.109375
3 0.12578125 0.04296875 0.0765625 0.0515625
3 0.29609375 0.0171875 0.0359375 0.034375
3 0.596875 0.07265625 0.065625 0.0671875
0 0.584375 0.2640625 0.0703125 0.0484375
10 0.4609375 0.5515625 0.15625 0.23125
3 0.39921875 0.696875 0.0875 0.0734375
8 0.4234375 0.69453125 0.23125 0.6109375
0 0.44140625 0.921875 0.1125 0.0625
7 0.4921875 0.421875 0.09375 0.040625
0 0.51171875 0.8984375 0.0546875 0.0625
10 0.6328125 0.484375 0.1875 0.171875
0 0.60546875 0.73984375 0.0703125 0.0921875
0 0.71875 0.73671875 0.090625 0.0921875
3 0.5515625 0.59765625 0.025 0.0546875
3 0.74375 0.58359375 0.071875 0.0515625