10 0.4640625 0.16328125 0.209375 0.2265625
0 0.48828125 0.5046875 0.1609375 0.128125
0 0.53671875 0.46875 0.0640625 0.109375
3 0.51171875 0.32421875 0.0734375 0.0578125
10 0.83203125 0.06171875 0.2640625 0.1234375
0 0.896875 0.36953125 0.125 0.1453125
0 0.7453125 0.3046875 0.084375 0.1125
3 0.709375 0.1609375 0.078125 0.065625
10 0.3734375 0.865625 0.25 0.25625
5 0.36328125 0.6296875 0.2046875 0.078125
2 0.32890625 0.67734375 0.0953125 0.0359375
8 0.7734375 0.7875 0.309375 0.425
10 0.75078125 0.83125 0.246875 0.23125
5 0.74609375 0.621875 0.184375 0.075