0 0.09453125 0.015625 0.0671875 0.03125
0 0.5625 0.42578125 0.109375 0.0484375
10 0.61640625 0.1375 0.2453125 0.221875
0 0.690625 0.41328125 0.16875 0.0734375
3 0.53046875 0.28125 0.0765625 0.053125
3 0.74765625 0.25 0.0453125 0.065625
10 0.2640625 0.76796875 0.171875 0.2109375
5 0.28125 0.5890625 0.1375 0.075
8 0.22578125 0.7796875 0.2484375 0.440625
3 0.17734375 0.89765625 0.0703125 0.0671875
7 0.290625 0.6453125 0.103125 0.040625
10 0.665625 0.5359375 0.225 0.171875
0 0.6484375 0.80390625 0.075 0.1046875
0 0.771875 0.80234375 0.09375 0.1078125
3 0.5765625 0.6515625 0.059375 0.053125
3 0.7890625 0.640625 0.05625 0.0625