0 0.203125 0.16484375 0.05625 0.0828125
0 0.25078125 0.14921875 0.0390625 0.0703125
3 0.1265625 0.03984375 0.034375 0.0390625
3 0.34296875 0.03515625 0.0328125 0.0390625
10 0.7875 0.03828125 0.128125 0.0765625
0 0.74609375 0.17890625 0.0453125 0.0609375
0 0.82890625 0.19375 0.0546875 0.065625
3 0.71796875 0.09140625 0.0359375 0.0328125
3 0.865625 0.0859375 0.028125 0.0375
10 0.3859375 0.79765625 0.20625 0.2609375
3 0.4234375 0.971875 0.1 0.05625
8 0.5484375 0.809375 0.11875 0.359375
0 0.5296875 0.953125 0.08125 0.059375
0 0.54765625 0.9125 0.1171875 0.053125
3 0.51171875 0.7296875 0.0453125 0.071875