0 0.24921875 0.2453125 0.1140625 0.153125
0 0.0921875 0.2453125 0.10625 0.14375
3 0.040625 0.04453125 0.078125 0.0734375
3 0.321875 0.04375 0.071875 0.075
8 0.5515625 0.08359375 0.225 0.1671875
0 0.4984375 0.09140625 0.078125 0.0484375
0 0.603125 0.10390625 0.11875 0.0515625
10 0.35390625 0.81015625 0.1703125 0.1890625
5 0.37890625 0.64453125 0.1203125 0.0640625
3 0.2453125 0.92734375 0.05625 0.0578125
2 0.38515625 0.68203125 0.0984375 0.0171875
10 0.765625 0.703125 0.259375 0.284375
5 0.7875 0.45625 0.240625 0.103125
8 0.74453125 0.69921875 0.4390625 0.6015625