10 0.11640625 0.35078125 0.2328125 0.2578125
0 0.03828125 0.70703125 0.0765625 0.1390625
0 0.18125 0.709375 0.103125 0.15
5 0.09765625 0.1140625 0.1765625 0.08125
8 0.153125 0.428125 0.30625 0.7125
10 0.5875 0.2640625 0.15 0.140625
0 0.5546875 0.47421875 0.05625 0.0828125
0 0.60234375 0.45859375 0.0390625 0.0703125
5 0.58671875 0.13671875 0.0890625 0.0328125
2 0.5859375 0.15859375 0.0625 0.0171875
3 0.478125 0.34921875 0.034375 0.0390625
3 0.69453125 0.34453125 0.0328125 0.0390625
10 0.01796875 0.9171875 0.0359375 0.15625
10 0.81328125 0.93125 0.1484375 0.1375
8 0.80859375 0.91953125 0.2453125 0.1609375
7 0.78671875 0.8578125 0.040625 0.0203125