9 0.13125 0.1484375 0.2625 0.296875
1 0.10234375 0.2140625 0.1859375 0.06875
1 0.04921875 0.15546875 0.0984375 0.0515625
10 0.84296875 0.05390625 0.1796875 0.1078125
8 0.840625 0.175 0.3125 0.35
3 0.78515625 0.13984375 0.084375 0.065625
3 0.97265625 0.1140625 0.0546875 0.065625
0 0.80390625 0.33359375 0.1390625 0.0328125
0 0.91484375 0.325 0.1703125 0.05
3 0.275 0.8546875 0.36875 0.290625
10 0.890625 0.465625 0.21875 0.23125
0 0.915625 0.85625 0.16875 0.146875
0 0.8875 0.79140625 0.2 0.1421875
3 0.9 0.62890625 0.084375 0.0796875