0 0.42109375 0.0125 0.0390625 0.025
10 0.2125 0.34140625 0.146875 0.1046875
0 0.153125 0.528125 0.046875 0.075
0 0.21484375 0.52109375 0.0640625 0.0734375
3 0.13203125 0.40078125 0.0484375 0.0421875
3 0.303125 0.4078125 0.03125 0.0375
10 0.609375 0.51640625 0.146875 0.1359375
0 0.6484375 0.72421875 0.059375 0.0796875
0 0.5515625 0.72109375 0.05625 0.0796875
5 0.6078125 0.38515625 0.0875 0.0359375
3 0.51875 0.6015625 0.040625 0.04375
3 0.70546875 0.6015625 0.0390625 0.04375
2 0.609375 0.41015625 0.075 0.0171875