10 0.0875 0.06484375 0.15625 0.1296875
8 0.11015625 0.18359375 0.2203125 0.3671875
0 0.0546875 0.29140625 0.078125 0.0484375
0 0.159375 0.30390625 0.11875 0.0515625
3 0.02578125 0.1484375 0.0515625 0.040625
3 0.1921875 0.14140625 0.05 0.04375
10 0.66640625 0.26796875 0.1921875 0.1703125
0 0.5859375 0.51640625 0.078125 0.0890625
0 0.6984375 0.52265625 0.090625 0.0921875
5 0.665625 0.1109375 0.121875 0.05625
3 0.55390625 0.3796875 0.0296875 0.053125
3 0.8109375 0.36953125 0.04375 0.0671875
2 0.67578125 0.1421875 0.0984375 0.01875
10 0.403125 0.63515625 0.271875 0.1328125
0 0.46171875 0.9515625 0.1546875 0.096875
0 0.2828125 0.94453125 0.103125 0.1109375
3 0.234375 0.75234375 0.096875 0.0890625
10 0.95078125 0.78984375 0.0984375 0.1890625
5 0.97265625 0.61796875 0.0546875 0.0609375
8 0.92734375 0.79296875 0.1453125 0.4140625