10 0.70859375 0.13046875 0.1453125 0.1296875
0 0.684375 0.32109375 0.059375 0.0671875
0 0.77265625 0.3140625 0.0671875 0.059375
5 0.6953125 0.0203125 0.1125 0.040625
3 0.61796875 0.20546875 0.0296875 0.0328125
3 0.79609375 0.209375 0.0421875 0.040625
2 0.67734375 0.0390625 0.0609375 0.015625
10 0.3703125 0.76875 0.096875 0.284375
5 0.3859375 0.521875 0.065625 0.103125
8 0.31484375 0.73203125 0.2078125 0.5359375
10 0.871875 0.47734375 0.178125 0.0953125
0 0.8453125 0.696875 0.125 0.084375
0 0.9078125 0.6703125 0.10625 0.090625
3 0.80859375 0.56328125 0.0578125 0.0515625