10 0.22578125 0.03203125 0.1890625 0.0640625
0 0.18125 0.23203125 0.071875 0.0953125
0 0.296875 0.2328125 0.08125 0.103125
8 0.2234375 0.1453125 0.3125 0.290625
5 0.83203125 0.046875 0.2234375 0.09375
8 0.84375 0.3296875 0.3125 0.659375
10 0.85546875 0.2828125 0.2734375 0.2875
3 0.8515625 0.46328125 0.1125 0.084375
7 0.784375 0.115625 0.071875 0.0453125
0 0.78125 0.64765625 0.140625 0.0234375
10 0.2609375 0.90390625 0.23125 0.1921875
5 0.24296875 0.7265625 0.1296875 0.059375
8 0.27265625 0.8453125 0.3578125 0.309375
10 0.8546875 0.8671875 0.290625 0.265625