10 0.15546875 0.046875 0.3109375 0.09375
0 0.2703125 0.33203125 0.1296875 0.1546875
0 0.09296875 0.34375 0.0921875 0.153125
8 0.19140625 0.2125 0.3828125 0.425
10 0.7390625 0.24453125 0.184375 0.1671875
5 0.740625 0.09609375 0.109375 0.0515625
2 0.7390625 0.1234375 0.096875 0.01875
3 0.61796875 0.35078125 0.0453125 0.0546875
3 0.85 0.34609375 0.046875 0.0546875
10 0.07265625 0.6515625 0.1453125 0.215625
0 0.090625 0.9640625 0.096875 0.071875
5 0.059375 0.4640625 0.11875 0.05
2 0.04765625 0.4953125 0.0953125 0.025
3 0.18828125 0.77890625 0.0421875 0.0703125
10 0.6859375 0.49140625 0.1 0.0890625
0 0.659375 0.628125 0.046875 0.053125
0 0.7171875 0.62578125 0.053125 0.0515625
3 0.63125 0.54765625 0.028125 0.0265625
3 0.74453125 0.54296875 0.0203125 0.0265625