10 0.14609375 0.10078125 0.2921875 0.2015625
0 0.0421875 0.4265625 0.084375 0.14375
0 0.203125 0.44375 0.109375 0.1125
3 0.08984375 0.07421875 0.1734375 0.0578125
3 0.1390625 0.14296875 0.146875 0.0578125
0 0.49453125 0.0515625 0.0296875 0.078125
0 0.5828125 0.05703125 0.071875 0.0734375
0 0.45859375 0.88359375 0.0421875 0.1671875
3 0.3671875 0.6375 0.075 0.065625
10 0.534375 0.62109375 0.109375 0.1421875
0 0.5296875 0.828125 0.075 0.078125
5 0.5203125 0.5078125 0.08125 0.015625
2 0.5171875 0.5171875 0.0625 0.015625
3 0.6015625 0.7078125 0.040625 0.04375