10 0.4125 0.22578125 0.175 0.2671875
5 0.43046875 0.01328125 0.1390625 0.0265625
3 0.33984375 0.3953125 0.0890625 0.075
2 0.41015625 0.03125 0.1015625 0.028125
10 0.56875 0.09375 0.1375 0.1875
10 0.28046875 0.59453125 0.125 0.1078125
0 0.2265625 0.7546875 0.0390625 0.05625
0 0.3 0.76640625 0.065625 0.0640625
5 0.28359375 0.49921875 0.0796875 0.040625
8 0.278125 0.6390625 0.203125 0.340625
10 0.60625 0.53359375 0.2125 0.1484375
0 0.52421875 0.8390625 0.0484375 0.15
0 0.6609375 0.846875 0.096875 0.140625
3 0.72109375 0.63671875 0.0734375 0.0734375