10 0.146875 0.321875 0.25625 0.265625
0 0.2484375 0.63046875 0.184375 0.0390625
0 0.0453125 0.61875 0.090625 0.0625
5 0.16171875 0.08359375 0.1953125 0.0765625
2 0.103125 0.125 0.090625 0.025
3 0.17265625 0.5 0.1140625 0.078125
10 0.7515625 0.31328125 0.30625 0.2515625
0 0.69453125 0.6296875 0.0859375 0.040625
0 0.84921875 0.62734375 0.1359375 0.0453125
5 0.73984375 0.07265625 0.1765625 0.0796875
8 0.74453125 0.340625 0.4328125 0.61875
10 0.62421875 0.7375 0.3578125 0.175
8 0.6875 0.825 0.48125 0.35