10 0.25234375 0.21796875 0.125 0.1078125
0 0.1984375 0.378125 0.0390625 0.05625
0 0.271875 0.38984375 0.065625 0.0640625
5 0.25546875 0.12265625 0.0796875 0.040625
8 0.23359375 0.2625 0.1703125 0.340625
0 0.6484375 0.04375 0.10625 0.078125
0 0.52265625 0.03125 0.0609375 0.0625
10 0.12265625 0.53828125 0.1140625 0.0984375
0 0.13125 0.6828125 0.046875 0.05625
0 0.0875 0.68828125 0.05 0.0640625
5 0.1203125 0.4625 0.0625 0.00625
3 0.053125 0.59765625 0.025 0.0265625
5 0.203125 0.590625 0.021875 0.028125
2 0.1203125 0.4671875 0.046875 0.009375
10 0.840625 0.540625 0.203125 0.1625
0 0.79765625 0.8234375 0.0890625 0.1125
0 0.85546875 0.7875 0.0703125 0.09375
3 0.71484375 0.65 0.0546875 0.04375
3 0.98828125 0.6265625 0.0234375 0.05625