10 0.06171875 0.30234375 0.1234375 0.1671875
0 0.05078125 0.55625 0.0703125 0.096875
5 0.04765625 0.15078125 0.0953125 0.0484375
3 0.153125 0.40234375 0.046875 0.0515625
2 0.04375 0.18359375 0.0875 0.0171875
10 0.93828125 0.09375 0.1234375 0.140625
0 0.91875 0.30390625 0.05625 0.0828125
0 0.96640625 0.28828125 0.0390625 0.0703125
3 0.84140625 0.178125 0.0390625 0.040625
10 0.11640625 0.9421875 0.1703125 0.115625
8 0.13828125 0.87109375 0.2765625 0.2578125
10 0.86796875 0.72265625 0.2640625 0.0859375
0 0.9484375 0.9640625 0.103125 0.071875
0 0.815625 0.97265625 0.1375 0.0546875
8 0.81484375 0.83984375 0.3703125 0.3203125