10 0.4125 0.1046875 0.234375 0.209375
0 0.41796875 0.48984375 0.15 0.1671875
0 0.428125 0.3796875 0.025 0.034375
8 0.37109375 0.30078125 0.3171875 0.6015625
10 0.95 0.30390625 0.1 0.1453125
0 0.9484375 0.528125 0.059375 0.090625
0 0.98359375 0.509375 0.0328125 0.075
5 0.965625 0.175 0.06875 0.040625
3 0.875 0.39609375 0.046875 0.0421875
2 0.9734375 0.1984375 0.053125 0.01875
10 0.48828125 0.690625 0.0828125 0.1625
0 0.4953125 0.95234375 0.06875 0.0953125
3 0.43671875 0.79921875 0.0546875 0.0515625
10 0.6 0.909375 0.140625 0.18125
5 0.56796875 0.734375 0.0765625 0.05625
3 0.72421875 0.99296875 0.0421875 0.0140625
2 0.56796875 0.76796875 0.0765625 0.0234375