10 0.27734375 0.0328125 0.2359375 0.065625
0 0.34296875 0.28359375 0.1171875 0.1265625
0 0.18828125 0.24140625 0.0703125 0.1078125
3 0.15 0.0984375 0.075 0.059375
3 0.425 0.0890625 0.05 0.065625
5 0.9203125 0.2859375 0.1203125 0.071875
10 0.37578125 0.61953125 0.1421875 0.1203125
0 0.34375 0.80703125 0.059375 0.0703125
0 0.40078125 0.79140625 0.0609375 0.0671875
5 0.36484375 0.51640625 0.0953125 0.0484375
2 0.3703125 0.5390625 0.059375 0.0125
3 0.290625 0.703125 0.040625 0.03125
3 0.45703125 0.6921875 0.0265625 0.040625
10 0.903125 0.8015625 0.19375 0.296875
5 0.934375 0.52421875 0.13125 0.0953125
3 0.74921875 0.975 0.1046875 0.05
2 0.9578125 0.57578125 0.084375 0.0390625