10 0.403125 0.02890625 0.265625 0.0578125
0 0.50703125 0.28125 0.109375 0.134375
0 0.35546875 0.284375 0.09375 0.134375
8 0.4140625 0.1828125 0.371875 0.365625
10 0.73671875 0.046875 0.1140625 0.09375
0 0.77109375 0.2390625 0.0609375 0.084375
0 0.6890625 0.2125 0.01875 0.0625
3 0.8109375 0.11171875 0.040625 0.0390625
10 0.3421875 0.6390625 0.171875 0.15625
0 0.3734375 0.86875 0.109375 0.0875
0 0.2765625 0.86484375 0.059375 0.0828125
3 0.24140625 0.7390625 0.0515625 0.040625
3 0.47265625 0.7328125 0.0359375 0.046875
2 0.37265625 0.53671875 0.0890625 0.0140625