8 0.271875 0.15234375 0.35625 0.3046875
0 0.21328125 0.2390625 0.0953125 0.128125
0 0.3734375 0.2265625 0.121875 0.128125
10 0.7125 0.11796875 0.2015625 0.1828125
8 0.71015625 0.2171875 0.3140625 0.434375
3 0.828125 0.21875 0.0609375 0.0609375
3 0.61796875 0.228125 0.05625 0.053125
0 0.69453125 0.40078125 0.0890625 0.05
0 0.821875 0.40390625 0.08125 0.04375
7 0.68671875 0.01171875 0.0734375 0.0234375
3 0.15625 0.73984375 0.3125 0.5203125
10 0.8375 0.73359375 0.21875 0.5078125
5 0.60703125 0.8546875 0.2796875 0.290625