10 0.9625 0.11796875 0.075 0.2359375
8 0.9328125 0.2296875 0.134375 0.459375
10 0.2890625 0.55234375 0.109375 0.0921875
0 0.3296875 0.69609375 0.05625 0.0578125
0 0.25546875 0.68203125 0.0421875 0.0453125
5 0.2921875 0.47265625 0.0625 0.0265625
2 0.29375 0.48515625 0.053125 0.0078125
3 0.25 0.60859375 0.03125 0.0265625
3 0.34453125 0.6046875 0.0203125 0.025
10 0.740625 0.54453125 0.15 0.1421875
0 0.75546875 0.7515625 0.075 0.078125
0 0.65703125 0.75078125 0.0609375 0.0765625
8 0.73984375 0.63046875 0.2609375 0.3421875