10 0.05703125 0.17109375 0.1140625 0.3109375
8 0.09453125 0.2546875 0.1890625 0.509375
10 0.81875 0.303125 0.25625 0.265625
5 0.83359375 0.06484375 0.1953125 0.0765625
2 0.78125 0.10703125 0.1 0.0203125
3 0.84921875 0.4765625 0.1203125 0.065625
10 0.20078125 0.61875 0.1421875 0.21875
8 0.20078125 0.7546875 0.3015625 0.490625
10 0.6234375 0.5328125 0.178125 0.046875
0 0.59296875 0.69140625 0.0609375 0.0828125
0 0.6921875 0.69375 0.075 0.08125
3 0.53984375 0.58046875 0.0546875 0.0546875
3 0.7375 0.56796875 0.040625 0.0484375