10 0.1875 0.24453125 0.253125 0.2359375
0 0.2078125 0.53828125 0.096875 0.0609375
5 0.2 0.03359375 0.171875 0.0671875
2 0.20546875 0.0765625 0.1171875 0.021875
3 0.01875 0.39765625 0.0375 0.0703125
3 0.38515625 0.39765625 0.0484375 0.0796875
10 0.6140625 0.06875 0.203125 0.1375
0 0.57109375 0.3390625 0.0890625 0.1125
0 0.62890625 0.303125 0.0703125 0.09375
3 0.48828125 0.165625 0.0546875 0.04375
3 0.778125 0.1421875 0.05625 0.05625
10 0.15625 0.6859375 0.3125 0.234375
8 0.19140625 0.784375 0.3828125 0.43125
10 0.8921875 0.6515625 0.1953125 0.165625
0 0.91875 0.9171875 0.075 0.1125
0 0.79609375 0.8984375 0.096875 0.08125
8 0.8546875 0.7671875 0.290625 0.396875