10 0.0921875 0.25234375 0.18125 0.1734375
0 0.05078125 0.52734375 0.0703125 0.1109375
0 0.1046875 0.50078125 0.05625 0.0921875
5 0.1015625 0.09140625 0.1125 0.0515625
3 0.009375 0.36484375 0.01875 0.0484375
3 0.21796875 0.35234375 0.0390625 0.0515625
2 0.1109375 0.11875 0.09375 0.021875
8 0.60703125 0.2859375 0.3046875 0.571875
10 0.6078125 0.15546875 0.246875 0.2453125
0 0.62265625 0.53671875 0.1984375 0.059375
0 0.69296875 0.4953125 0.1296875 0.053125
3 0.64140625 0.31328125 0.0890625 0.071875
7 0.653125 0.01640625 0.075 0.0328125
0 0.3359375 0.74453125 0.05625 0.0734375
0 0.3890625 0.7390625 0.059375 0.0625
0 0.78671875 0.7078125 0.0734375 0.0375
0 0.88046875 0.715625 0.09375 0.040625