10 0.4078125 0.01640625 0.121875 0.0328125
0 0.38515625 0.15625 0.0609375 0.06875
3 0.3109375 0.0390625 0.03125 0.04375
10 0.5484375 0.209375 0.159375 0.215625
0 0.5734375 0.52734375 0.096875 0.0828125
5 0.53515625 0.0234375 0.1328125 0.046875
2 0.52890625 0.053125 0.0984375 0.025
3 0.67109375 0.33671875 0.0421875 0.0703125
0 0.3015625 0.5921875 0.103125 0.046875
0 0.3734375 0.60390625 0.1109375 0.0640625
10 0.5640625 0.81328125 0.190625 0.1859375
5 0.57265625 0.65625 0.1171875 0.059375
2 0.57421875 0.69296875 0.0796875 0.0203125
3 0.71015625 0.92265625 0.0453125 0.0640625