10 0.49453125 0.275 0.2671875 0.25
5 0.49921875 0.04609375 0.1765625 0.0765625
3 0.3375 0.434375 0.075 0.065625
2 0.5328125 0.09140625 0.10625 0.0328125
10 0.87109375 0.17109375 0.1703125 0.1515625
0 0.925 0.38984375 0.0625 0.0859375
0 0.85859375 0.3953125 0.0671875 0.084375
5 0.865625 0.03515625 0.096875 0.0453125
2 0.87265625 0.06015625 0.0765625 0.0171875
3 0.78515625 0.271875 0.0515625 0.05
3 0.984375 0.259375 0.03125 0.05
10 0.721875 0.91640625 0.14375 0.1671875
5 0.68828125 0.72890625 0.0765625 0.0921875
8 0.825 0.82734375 0.35 0.3453125