8 0.3890625 0.1109375 0.2 0.221875
10 0.809375 0.1265625 0.3 0.253125
0 0.9171875 0.4375 0.10625 0.04375
0 0.75078125 0.4390625 0.0953125 0.040625
8 0.79921875 0.2296875 0.4015625 0.459375
10 0.12734375 0.4890625 0.1328125 0.059375
0 0.090625 0.64609375 0.05625 0.0671875
0 0.16328125 0.63828125 0.0609375 0.0640625
3 0.04296875 0.534375 0.0265625 0.040625
3 0.22890625 0.53046875 0.0359375 0.0390625
10 0.85625 0.60859375 0.175 0.1484375
0 0.8390625 0.8328125 0.075 0.0875
0 0.88046875 0.81328125 0.0453125 0.0703125
5 0.853125 0.4765625 0.090625 0.034375
2 0.86171875 0.5 0.0828125 0.01875
3 0.7671875 0.71015625 0.046875 0.0546875
3 0.97109375 0.69609375 0.0421875 0.0515625