10 0.034375 0.275 0.06875 0.221875
0 0.06171875 0.6 0.0828125 0.128125
3 0.075 0.41328125 0.071875 0.0609375
10 0.584375 0.259375 0.1796875 0.2265625
5 0.571875 0.06953125 0.175 0.0859375
8 0.58125 0.3484375 0.3125 0.6625
3 0.52578125 0.40390625 0.084375 0.065625
3 0.7140625 0.37890625 0.0546875 0.065625
0 0.5453125 0.6203125 0.1390625 0.0765625
0 0.659375 0.5890625 0.178125 0.05
7 0.60546875 0.13046875 0.0875 0.0484375
5 0.27734375 0.71015625 0.2234375 0.0609375
8 0.2609375 0.83984375 0.25625 0.3203125
10 0.2765625 0.89296875 0.225 0.2140625
7 0.2296875 0.7625 0.071875 0.0453125
8 0.86171875 0.83984375 0.2765625 0.3203125
3 0.83984375 0.73359375 0.1046875 0.071875
3 0.99140625 0.703125 0.0171875 0.046875
0 0.865625 0.95390625 0.153125 0.0734375
0 0.94140625 0.91875 0.1171875 0.04375