10 0.23359375 0.17265625 0.2390625 0.1984375
0 0.275 0.43984375 0.10625 0.1109375
0 0.20234375 0.4828125 0.0953125 0.11875
5 0.209375 0.01328125 0.14375 0.0265625
2 0.2265625 0.025 0.1 0.025
3 0.10390625 0.31171875 0.0671875 0.0578125
3 0.38046875 0.28203125 0.0390625 0.0578125
10 0.88671875 0.26953125 0.2265625 0.2671875
0 0.76484375 0.5890625 0.2109375 0.109375
0 0.90703125 0.628125 0.1859375 0.11875
5 0.90390625 0.034375 0.1921875 0.06875
8 0.821875 0.340625 0.35625 0.68125
5 0.28984375 0.94140625 0.1328125 0.0640625
10 0.96953125 0.80390625 0.0609375 0.1890625
8 0.9484375 0.8546875 0.103125 0.290625