0 0.31015625 0.06875 0.0390625 0.05625
0 0.3796875 0.08046875 0.059375 0.0640625
0 0.534375 0.30703125 0.109375 0.1453125
0 0.6671875 0.25 0.1 0.128125
3 0.4359375 0.08046875 0.053125 0.0796875
3 0.83125 0.07109375 0.0625 0.0765625
10 0.35234375 0.65234375 0.1140625 0.1484375
0 0.365625 0.8765625 0.075 0.0875
0 0.396875 0.85703125 0.025 0.0703125
5 0.371875 0.515625 0.075 0.04375
3 0.2984375 0.74765625 0.046875 0.0453125
2 0.38203125 0.54140625 0.0546875 0.0171875
0 0.74375 0.57109375 0.078125 0.0890625
0 0.85625 0.5796875 0.090625 0.096875
3 0.96875 0.425 0.040625 0.059375
3 0.7 0.43203125 0.046875 0.0515625