10 0.03046875 0.059375 0.0609375 0.11875
0 0.02421875 0.2609375 0.0484375 0.08125
3 0.07890625 0.13671875 0.0390625 0.0453125
10 0.8375 0.0953125 0.246875 0.190625
0 0.70546875 0.3765625 0.2109375 0.109375
0 0.85625 0.4125 0.203125 0.1125
8 0.7921875 0.234375 0.415625 0.46875
10 0.4265625 0.7015625 0.15 0.14375
0 0.37109375 0.9171875 0.0890625 0.075
0 0.45703125 0.91796875 0.0671875 0.0765625
5 0.42890625 0.5734375 0.1015625 0.046875
2 0.4046875 0.60078125 0.059375 0.0203125
3 0.33515625 0.7890625 0.0390625 0.04375
3 0.50625 0.7953125 0.025 0.046875
10 0.7390625 0.51640625 0.13125 0.0953125
0 0.709375 0.6796875 0.05 0.06875
0 0.784375 0.6921875 0.059375 0.06875
3 0.83125 0.57578125 0.028125 0.0421875
3 0.6765625 0.584375 0.040625 0.040625