0 0.03046875 0.23125 0.0609375 0.115625
8 0.084375 0.175 0.16875 0.35
10 0.8 0.075 0.290625 0.15
0 0.6078125 0.3734375 0.196875 0.13125
0 0.796875 0.37421875 0.159375 0.1296875
3 0.61015625 0.15078125 0.0546875 0.0765625
3 0.94296875 0.19375 0.1046875 0.08125
10 0.365625 0.64296875 0.0875 0.2265625
8 0.3265625 0.71953125 0.165625 0.5609375
5 0.38203125 0.465625 0.0546875 0.053125
3 0.3203125 0.78203125 0.0890625 0.0828125
0 0.37578125 0.96640625 0.0671875 0.0671875
10 0.93203125 0.56484375 0.1359375 0.1515625
0 0.903125 0.78984375 0.078125 0.0890625
0 0.97890625 0.771875 0.0421875 0.071875
5 0.93828125 0.446875 0.1203125 0.015625
8 0.91953125 0.63984375 0.1609375 0.4015625