10 0.39375 0.25234375 0.146875 0.1359375
0 0.4328125 0.46015625 0.059375 0.0796875
0 0.3359375 0.45703125 0.05625 0.0796875
5 0.3921875 0.12109375 0.0875 0.0359375
2 0.3953125 0.146875 0.08125 0.015625
3 0.303125 0.3421875 0.040625 0.040625
3 0.490625 0.3375 0.04375 0.046875
10 0.70625 0.19140625 0.075 0.1640625
0 0.70390625 0.596875 0.0609375 0.08125
8 0.73359375 0.31875 0.1296875 0.6375
5 0.21875 0.696875 0.084375 0.05625
10 0.2421875 0.8953125 0.165625 0.209375
8 0.24921875 0.834375 0.3578125 0.33125
10 0.85 0.74296875 0.125 0.1078125
0 0.79609375 0.903125 0.0390625 0.05625
0 0.86875 0.91484375 0.065625 0.0640625
3 0.7765625 0.81328125 0.03125 0.0296875
3 0.9203125 0.8125 0.025 0.03125
2 0.86171875 0.6703125 0.0578125 0.003125