0 0.10859375 0.134375 0.0609375 0.065625
0 0.03515625 0.13515625 0.0421875 0.0671875
3 0.128125 0.0203125 0.040625 0.040625
10 0.5890625 0.08515625 0.265625 0.1703125
0 0.69296875 0.39375 0.109375 0.134375
0 0.54140625 0.396875 0.09375 0.134375
8 0.6 0.234375 0.371875 0.46875
10 0.1859375 0.4984375 0.125 0.059375
0 0.13203125 0.634375 0.0390625 0.05625
0 0.20546875 0.64609375 0.0640625 0.0640625
3 0.1125 0.54375 0.034375 0.03125
3 0.25390625 0.54296875 0.0265625 0.0359375
10 0.5125 0.5265625 0.15625 0.115625
8 0.52265625 0.6453125 0.2453125 0.353125
0 0.4796875 0.74609375 0.078125 0.0484375
0 0.584375 0.75859375 0.11875 0.0515625
3 0.44375 0.60390625 0.0671875 0.040625
3 0.6171875 0.59609375 0.05 0.04375