10 0.059375 0.19140625 0.11875 0.1484375
0 0.02578125 0.415625 0.0515625 0.0875
0 0.05546875 0.39609375 0.0453125 0.0703125
5 0.03671875 0.0546875 0.0734375 0.04375
3 0.146875 0.28125 0.0375 0.05
2 0.0375 0.08046875 0.06875 0.0171875
10 0.78515625 0.146875 0.2703125 0.25625
0 0.6984375 0.52421875 0.109375 0.1296875
0 0.83125 0.475 0.1 0.128125
3 0.59453125 0.30546875 0.0640625 0.0796875
3 0.98203125 0.29609375 0.0359375 0.0765625
0 0.3578125 0.8078125 0.04375 0.078125
10 0.53515625 0.9390625 0.1890625 0.121875
5 0.55546875 0.821875 0.11875 0.0703125
8 0.53828125 0.890625 0.3171875 0.21875