10 0.271875 0.0515625 0.128125 0.103125
0 0.23046875 0.20546875 0.0453125 0.0609375
0 0.31328125 0.2203125 0.0546875 0.065625
3 0.20234375 0.11796875 0.0359375 0.0328125
3 0.35 0.1125 0.028125 0.0375
10 0.7140625 0.20703125 0.15 0.1453125
5 0.715625 0.0765625 0.109375 0.04375
3 0.62734375 0.29609375 0.0390625 0.0390625
3 0.7890625 0.30078125 0.046875 0.0484375
2 0.69140625 0.1 0.0703125 0.021875
10 0.2 0.6953125 0.246875 0.2625
0 0.0703125 0.978125 0.140625 0.04375
5 0.2109375 0.459375 0.19375 0.078125
3 0.17265625 0.87265625 0.1046875 0.0828125
2 0.15859375 0.503125 0.0921875 0.025
10 0.8640625 0.4359375 0.2375 0.171875
0 0.7328125 0.70703125 0.2 0.1140625
0 0.896875 0.759375 0.18125 0.1125
3 0.8484375 0.58125 0.084375 0.0875