0 0.3640625 0.5 0.03125 0.128125
3 0.353125 0.321875 0.053125 0.053125
5 0.4671875 0.0734375 0.1328125 0.06875
10 0.490625 0.234375 0.2125 0.19375
8 0.52265625 0.29609375 0.2859375 0.5234375
3 0.62265625 0.334375 0.065625 0.065625
0 0.4828125 0.53125 0.0765625 0.05
3 0.4078125 0.346875 0.05625 0.053125
0 0.6171875 0.52890625 0.0734375 0.0359375
7 0.4734375 0.11875 0.0796875 0.028125
5 0.72265625 0.76484375 0.1828125 0.0875
10 0.7578125 0.91796875 0.15 0.1640625
8 0.7234375 0.85625 0.303125 0.2875
7 0.7640625 0.81484375 0.078125 0.040625