10 0.15546875 0.2453125 0.275 0.29375
8 0.1859375 0.209375 0.371875 0.41875
10 0.65703125 0.10625 0.1140625 0.121875
0 0.62109375 0.2984375 0.0421875 0.071875
0 0.69375 0.2859375 0.053125 0.059375
5 0.64453125 0.00859375 0.0890625 0.0171875
3 0.7484375 0.17734375 0.0375 0.0421875
2 0.62734375 0.01875 0.0546875 0.015625
8 0.3578125 0.72734375 0.16875 0.265625
10 0.353125 0.69375 0.0953125 0.090625
0 0.29609375 0.7515625 0.03125 0.028125
0 0.42578125 0.746875 0.028125 0.03125
5 0.35 0.6109375 0.05625 0.028125