8 0.303125 0.1265625 0.21875 0.253125
10 0.303125 0.0390625 0.140625 0.078125
0 0.31328125 0.209375 0.0671875 0.078125
0 0.246875 0.19921875 0.05 0.0671875
10 0.54609375 0.04609375 0.0921875 0.0921875
8 0.5765625 0.15625 0.153125 0.3125
0 0.56171875 0.26328125 0.1234375 0.0546875
3 0.63515625 0.1 0.0484375 0.0578125
10 0.27734375 0.696875 0.23125 0.2140625
5 0.2609375 0.51640625 0.15 0.075
8 0.2765625 0.74453125 0.3625 0.5109375
7 0.26875 0.5703125 0.1015625 0.04375
3 0.16171875 0.82890625 0.08125 0.0640625
3 0.4125 0.8171875 0.06875 0.0640625
10 0.70859375 0.6203125 0.165625 0.1640625
5 0.7296875 0.48515625 0.109375 0.0421875
8 0.7171875 0.69140625 0.26875 0.4609375
0 0.65 0.8515625 0.065625 0.0421875
0 0.7578125 0.8734375 0.1296875 0.0546875
3 0.6140625 0.7140625 0.0515625 0.04375
3 0.83359375 0.709375 0.0484375 0.0578125
7 0.734375 0.52890625 0.0546875 0.025