8 0.22265625 0.16015625 0.3109375 0.3203125
3 0.26796875 0.05234375 0.0828125 0.059375
0 0.2421875 0.28359375 0.209375 0.0625
0 0.3109375 0.234375 0.1234375 0.046875
10 0.90390625 0.2484375 0.1921875 0.2625
5 0.9234375 0.025 0.153125 0.05
8 0.81875 0.26484375 0.3625 0.5296875
10 0.31328125 0.8140625 0.1578125 0.31875
5 0.31640625 0.54921875 0.0828125 0.0390625
8 0.30390625 0.76484375 0.3921875 0.4703125
10 0.7859375 0.65625 0.125 0.109375
0 0.790625 0.825 0.046875 0.065625
0 0.73203125 0.8171875 0.0390625 0.059375
5 0.78828125 0.5578125 0.0828125 0.0375
2 0.796875 0.578125 0.05625 0.0125
3 0.86640625 0.72421875 0.0265625 0.0296875
3 0.7078125 0.7265625 0.034375 0.03125