10 0.06328125 0.23671875 0.1265625 0.1515625
5 0.04609375 0.1140625 0.0921875 0.05625
8 0.0875 0.290625 0.175 0.41875
0 0.02734375 0.47578125 0.0546875 0.0421875
0 0.1109375 0.4828125 0.09375 0.034375
3 0.14609375 0.325 0.0375 0.046875
7 0.04765625 0.15 0.0671875 0.0265625
10 0.884375 0.11328125 0.23125 0.2265625
0 0.86171875 0.45 0.0921875 0.1
8 0.84921875 0.25 0.3015625 0.5
10 0.30625 0.6375 0.159375 0.140625
0 0.26796875 0.84375 0.059375 0.08125
0 0.3609375 0.85 0.0671875 0.078125
5 0.29140625 0.51328125 0.1015625 0.0265625
5 0.31640625 0.69453125 0.2734375 0.3890625
10 0.53671875 0.69453125 0.1140625 0.2140625
5 0.50546875 0.52890625 0.0515625 0.0578125
8 0.56875 0.75 0.178125 0.5
3 0.6109375 0.81484375 0.053125 0.059375
0 0.5671875 0.99296875 0.115625 0.0140625
7 0.5015625 0.571875 0.04375 0.034375