10 0.09765625 0.28984375 0.1953125 0.2515625
5 0.059375 0.04921875 0.11875 0.0796875
8 0.12578125 0.26328125 0.2515625 0.5109375
10 0.89609375 0.36015625 0.2078125 0.2171875
5 0.921875 0.15859375 0.153125 0.0734375
2 0.9296875 0.19453125 0.115625 0.0234375
3 0.8015625 0.49609375 0.078125 0.0453125
10 0.05859375 0.58125 0.1171875 0.125
0 0.09140625 0.79453125 0.1171875 0.0828125
3 0.14140625 0.65625 0.0390625 0.046875
10 0.74921875 0.83984375 0.1734375 0.2484375
5 0.7421875 0.609375 0.1 0.09375
8 0.759375 0.76796875 0.275 0.4640625