10 0.35234375 0.2546875 0.3109375 0.2625
5 0.37578125 0.04921875 0.2015625 0.0984375
3 0.31328125 0.265625 0.1390625 0.059375
3 0.40625 0.30625 0.125 0.071875
2 0.38828125 0.10234375 0.1078125 0.0203125
10 0.67421875 0.0390625 0.2109375 0.078125
0 0.63125 0.2890625 0.075 0.128125
0 0.7015625 0.23515625 0.071875 0.1046875
8 0.72265625 0.18515625 0.3078125 0.3703125
10 0.17734375 0.54140625 0.1734375 0.1453125
0 0.1984375 0.97890625 0.1 0.0421875
0 0.21171875 0.9515625 0.0484375 0.0375
8 0.1875 0.734375 0.275 0.53125
0 0.98515625 0.7296875 0.0296875 0.146875