10 0.1015625 0.10546875 0.203125 0.2109375
0 0.028125 0.47890625 0.05625 0.1390625
0 0.1265625 0.4265625 0.159375 0.11875
8 0.10625 0.27578125 0.2125 0.5515625
10 0.91953125 0.0328125 0.1359375 0.065625
0 0.8890625 0.196875 0.053125 0.071875
0 0.9671875 0.184375 0.053125 0.059375
3 0.8359375 0.08046875 0.028125 0.0359375
10 0.353125 0.83125 0.2125 0.221875
3 0.24609375 0.971875 0.0796875 0.05625
0 0.72890625 0.775 0.175 0.146875
0 0.559375 0.80546875 0.1375 0.1734375
8 0.65859375 0.80078125 0.3984375 0.2234375