10 0.040625 0.07578125 0.08125 0.1515625
0 0.040625 0.303125 0.08125 0.0875
8 0.08046875 0.17734375 0.1609375 0.3546875
10 0.7984375 0.0640625 0.15625 0.128125
0 0.828125 0.4421875 0.08125 0.015625
8 0.80625 0.225 0.25625 0.45
10 0.0453125 0.62109375 0.090625 0.2140625
8 0.07734375 0.725 0.1546875 0.55
3 0.1078125 0.74140625 0.053125 0.059375
0 0.06484375 0.94375 0.115625 0.0609375
10 0.78515625 0.83046875 0.2421875 0.2078125
5 0.79375 0.64609375 0.1421875 0.06875
8 0.7859375 0.80625 0.375 0.3875