10 0.28515625 0.246875 0.1296875 0.11875
0 0.2625 0.4328125 0.05625 0.071875
0 0.296875 0.4140625 0.046875 0.059375
5 0.2765625 0.14375 0.084375 0.04375
3 0.2015625 0.325 0.034375 0.028125
3 0.3734375 0.321875 0.03125 0.04375
2 0.28046875 0.16484375 0.0546875 0.0109375
10 0.9109375 0.07421875 0.178125 0.1484375
8 0.87734375 0.21484375 0.2453125 0.4296875
0 0.98359375 0.36796875 0.0328125 0.0640625
0 0.884375 0.3796875 0.0984375 0.0640625
3 0.8265625 0.175 0.0796875 0.06875
10 0.28515625 0.85859375 0.2953125 0.2828125
8 0.27578125 0.834375 0.4796875 0.33125
0 0.9796875 0.96484375 0.040625 0.0703125
8 0.9296875 0.834375 0.140625 0.33125