10 0.4875 0.14609375 0.303125 0.2703125
3 0.31640625 0.3 0.0671875 0.0375
10 0.96875 0.0390625 0.0625 0.078125
8 0.9515625 0.11484375 0.096875 0.2296875
3 0.9421875 0.0921875 0.0375 0.04375
10 0.4015625 0.3890625 0.171875 0.140625
0 0.4328125 0.6109375 0.109375 0.0875
0 0.3359375 0.60703125 0.059375 0.0828125
8 0.41796875 0.490625 0.2984375 0.34375
10 0.8765625 0.46953125 0.246875 0.2640625
0 0.81796875 0.83671875 0.109375 0.1390625
0 0.96640625 0.84453125 0.0671875 0.1515625
8 0.84140625 0.6265625 0.3171875 0.615625