10 0.38828125 0.12421875 0.2015625 0.2484375
3 0.45234375 0.290625 0.0734375 0.0875
3 0.2859375 0.259375 0.065625 0.075
8 0.91640625 0.16953125 0.1671875 0.3390625
3 0.928125 0.1109375 0.0921875 0.071875
0 0.95625 0.3203125 0.0875 0.0375
10 0.3453125 0.46875 0.2875 0.259375
0 0.384375 0.85625 0.153125 0.146875
0 0.28671875 0.81015625 0.1640625 0.1203125
3 0.20703125 0.6015625 0.0578125 0.071875
3 0.3765625 0.6359375 0.090625 0.075
3 0.6625 0.42109375 0.346875 0.1640625
3 0.634375 0.76171875 0.290625 0.3640625