10 0.35 0.36875 0.2 0.1625
5 0.34921875 0.21953125 0.1296875 0.0609375
2 0.35546875 0.2546875 0.1109375 0.015625
0 0.65078125 0.05859375 0.0609375 0.0734375
0 0.72265625 0.06171875 0.0609375 0.0765625
10 0.07421875 0.87421875 0.1484375 0.2515625
5 0.0796875 0.64375 0.159375 0.103125
2 0.0953125 0.690625 0.0875 0.028125
10 0.7640625 0.59921875 0.2140625 0.1984375
8 0.77265625 0.725 0.3640625 0.55
5 0.75390625 0.46328125 0.1390625 0.0265625
3 0.640625 0.721875 0.06875 0.0609375
0 0.74296875 0.93828125 0.0890625 0.0640625
3 0.9359375 0.6984375 0.059375 0.0703125
7 0.76796875 0.4859375 0.0796875 0.0296875