10 0.43671875 0.37421875 0.2421875 0.2078125
5 0.4453125 0.18984375 0.1421875 0.06875
8 0.4046875 0.34765625 0.309375 0.3828125
10 0.8 0.02890625 0.1875 0.0578125
0 0.740625 0.1953125 0.0625 0.084375
0 0.85859375 0.23125 0.0921875 0.10625
8 0.7984375 0.146875 0.290625 0.29375
10 0.17109375 0.60625 0.3140625 0.134375
0 0.06015625 0.8984375 0.1203125 0.14375
0 0.2390625 0.9296875 0.109375 0.140625
3 0.12578125 0.55703125 0.1734375 0.0359375
3 0.175 0.61484375 0.146875 0.0578125
0 0.61953125 0.9109375 0.0515625 0.06875
0 0.67109375 0.9046875 0.0515625 0.0625
8 0.665625 0.7484375 0.2125 0.41875