10 0.303125 0.22109375 0.1734375 0.1734375
8 0.30625 0.29765625 0.2796875 0.471875
5 0.3234375 0.10234375 0.128125 0.0765625
3 0.2125 0.32421875 0.0640625 0.0625
0 0.27109375 0.478125 0.0828125 0.053125
0 0.3890625 0.5 0.109375 0.0578125
10 0.94375 0.390625 0.1125 0.34375
8 0.9203125 0.33359375 0.159375 0.5328125
0 0.2125 0.86484375 0.15 0.1671875
3 0.0671875 0.62578125 0.075 0.0515625
3 0.46484375 0.61171875 0.0734375 0.0234375
10 0.8203125 0.68359375 0.24375 0.1671875
3 0.846875 0.8046875 0.0828125 0.06875
8 0.81796875 0.8 0.3109375 0.4
0 0.91015625 0.978125 0.1390625 0.04375