8 0.39609375 0.10234375 0.3234375 0.2046875
0 0.37421875 0.153125 0.09375 0.0515625
0 0.48671875 0.13125 0.1421875 0.0625
0 0.859375 0.1078125 0.103125 0.059375
0 0.93046875 0.12578125 0.1109375 0.0640625
3 0.8875 0.0203125 0.0625 0.040625
10 0.2703125 0.55078125 0.15 0.1421875
0 0.2859375 0.7578125 0.075 0.078125
0 0.18671875 0.75703125 0.0609375 0.0765625
3 0.3578125 0.6375 0.040625 0.04375
3 0.165625 0.63828125 0.040625 0.0484375
0 0.98671875 0.73046875 0.0265625 0.1234375
3 0.93125 0.55390625 0.059375 0.0546875