0 0.3265625 0.08671875 0.10625 0.0828125
0 0.21328125 0.071875 0.0546875 0.06875
10 0.73359375 0.02421875 0.1890625 0.0484375
0 0.70078125 0.23828125 0.071875 0.1078125
0 0.75859375 0.20703125 0.05625 0.0859375
8 0.7375 0.1546875 0.325 0.309375
10 0.15859375 0.8484375 0.1734375 0.303125
8 0.18203125 0.76640625 0.3640625 0.4671875
10 0.81328125 0.55703125 0.1296875 0.0765625
0 0.790625 0.721875 0.05625 0.071875
0 0.825 0.703125 0.046875 0.059375
3 0.7296875 0.6140625 0.034375 0.028125
3 0.9015625 0.6109375 0.03125 0.04375