10 0.1328125 0.1484375 0.246875 0.23125
0 0.2046875 0.4171875 0.128125 0.04375
3 0.16015625 0.31875 0.0734375 0.0625
8 0.89609375 0.15390625 0.2078125 0.3078125
0 0.91640625 0.225 0.1671875 0.1375
0 0.9640625 0.18359375 0.071875 0.1078125
8 0.48984375 0.58046875 0.2578125 0.2828125
0 0.509375 0.6890625 0.0859375 0.0625
0 0.5671875 0.62109375 0.0984375 0.075
3 0.41953125 0.4921875 0.0671875 0.0625
10 0.9203125 0.49140625 0.1375 0.1046875
0 0.9734375 0.665625 0.053125 0.065625
0 0.90390625 0.66640625 0.0421875 0.0671875
3 0.85078125 0.5671875 0.0453125 0.040625
3 0.98828125 0.5484375 0.0234375 0.046875