10 0.3109375 0.13046875 0.15625 0.1984375
8 0.278125 0.26953125 0.221875 0.5390625
3 0.2171875 0.253125 0.06875 0.0609375
0 0.31953125 0.46953125 0.0890625 0.0640625
7 0.34453125 0.0171875 0.0796875 0.0296875
10 0.63828125 0.1625 0.234375 0.215625
0 0.56328125 0.4421875 0.071875 0.115625
0 0.7 0.49453125 0.096875 0.1109375
8 0.64375 0.275 0.3875 0.55
5 0.071875 0.6859375 0.084375 0.090625
10 0.084375 0.90390625 0.16875 0.1921875
8 0.19453125 0.8140625 0.3890625 0.371875
8 0.52890625 0.775 0.2796875 0.45
10 0.5015625 0.6625 0.225 0.225
0 0.49609375 0.96953125 0.1921875 0.0609375
0 0.571875 0.95625 0.153125 0.0875