10 0.0703125 0.2328125 0.140625 0.221875
0 0.0984375 0.5265625 0.15625 0.10625
5 0.03515625 0.03359375 0.0703125 0.0671875
3 0.153125 0.34453125 0.046875 0.0671875
2 0.040625 0.06875 0.08125 0.021875
3 0.76171875 0.2453125 0.4765625 0.390625
10 0.2015625 0.6171875 0.25625 0.075
0 0.15703125 0.8640625 0.1390625 0.14375
0 0.2953125 0.84375 0.15625 0.1125
3 0.1375 0.68828125 0.08125 0.0578125
3 0.3453125 0.6578125 0.040625 0.06875
3 0.5609375 0.78984375 0.34375 0.4203125
3 0.90390625 0.884375 0.1921875 0.23125