10 0.25 0.11953125 0.23125 0.2015625
3 0.3859375 0.2375 0.053125 0.059375
3 0.14765625 0.25 0.0671875 0.053125
3 0.63125 0.13984375 0.325 0.2796875
3 0.284375 0.62421875 0.3171875 0.26875
3 0.28046875 0.95234375 0.3453125 0.0953125
10 0.57890625 0.54921875 0.2203125 0.1859375
0 0.5546875 0.82109375 0.078125 0.1046875
0 0.684375 0.82109375 0.096875 0.1078125
5 0.55546875 0.3765625 0.1203125 0.053125
3 0.4890625 0.66875 0.040625 0.05
3 0.703125 0.659375 0.059375 0.05625
2 0.5578125 0.409375 0.1 0.01875