10 0.2703125 0.27421875 0.259375 0.2140625
5 0.2484375 0.08125 0.14375 0.059375
2 0.240625 0.1171875 0.1125 0.021875
3 0.13828125 0.40625 0.0578125 0.059375
3 0.39296875 0.40625 0.0609375 0.0625
3 0.79140625 0.23515625 0.4171875 0.4703125
10 0.1453125 0.71640625 0.234375 0.2015625
0 0.11015625 0.97734375 0.0921875 0.0453125
0 0.246875 0.97890625 0.1 0.0421875
5 0.128125 0.53046875 0.134375 0.059375
8 0.165625 0.74765625 0.33125 0.5046875
5 0.65546875 0.49765625 0.1765625 0.0359375
10 0.68828125 0.8453125 0.2984375 0.309375