11 0.39453125 0.32890625 0.0890625 0.2953125
6 0.3921875 0.08046875 0.09375 0.1078125
9 0.384375 0.275 0.109375 0.46875
7 0.40859375 0.15625 0.0609375 0.040625
10 0.8078125 0.28828125 0.2203125 0.1859375
5 0.784375 0.11484375 0.1203125 0.053125
8 0.81015625 0.29765625 0.3265625 0.4234375
10 0.0890625 0.73046875 0.178125 0.2515625
5 0.06484375 0.525 0.1296875 0.03125
2 0.028125 0.5421875 0.05625 0.028125
8 0.64609375 0.7546875 0.3296875 0.490625
10 0.62109375 0.70703125 0.25625 0.2265625
0 0.61171875 0.9875 0.1640625 0.025
0 0.7375 0.97578125 0.2 0.0484375
5 0.6171875 0.52421875 0.18125 0.0296875