10 0.175 0.06796875 0.178125 0.1359375
0 0.1484375 0.3078125 0.125 0.084375
0 0.2109375 0.28125 0.10625 0.090625
3 0.11171875 0.17421875 0.0578125 0.0515625
10 0.72578125 0.12578125 0.1359375 0.16875
5 0.7515625 0.0125 0.125 0.025
3 0.6453125 0.22734375 0.0671875 0.0609375
8 0.73125 0.2140625 0.24375 0.428125
5 0.271875 0.6046875 0.096875 0.096875
10 0.284375 0.8203125 0.165625 0.25
8 0.275 0.7609375 0.55 0.478125
10 0.6578125 0.8109375 0.215625 0.25
5 0.6375 0.58203125 0.175 0.0765625
8 0.73984375 0.76875 0.3796875 0.4625