10 0.25546875 0.06484375 0.2609375 0.1296875
0 0.30234375 0.37109375 0.1140625 0.1484375
0 0.1515625 0.3203125 0.071875 0.096875
3 0.12421875 0.16328125 0.0796875 0.0640625
3 0.4 0.15078125 0.053125 0.0640625
10 0.82265625 0.06484375 0.1453125 0.1296875
8 0.82109375 0.146875 0.2328125 0.29375
0 0.80234375 0.2734375 0.0765625 0.04375
0 0.8796875 0.25390625 0.0796875 0.0484375
3 0.9234375 0.13671875 0.0359375 0.0375
10 0.46875 0.56171875 0.28125 0.2234375
0 0.4125 0.93046875 0.128125 0.1390625
0 0.5515625 0.9078125 0.115625 0.15
8 0.41796875 0.725 0.3828125 0.55