0 0.17109375 0.02265625 0.0765625 0.0453125
0 0.30625 0.01796875 0.0734375 0.0359375
10 0.7125 0.25703125 0.046875 0.1859375
8 0.73828125 0.209375 0.0984375 0.28125
10 0.384375 0.64296875 0.23125 0.2015625
0 0.3296875 0.93359375 0.075 0.1203125
0 0.47578125 0.93046875 0.1171875 0.1140625
5 0.37421875 0.45625 0.1328125 0.05625
3 0.2828125 0.77578125 0.065625 0.0546875
3 0.52265625 0.759375 0.0515625 0.0625
2 0.3859375 0.49140625 0.10625 0.0203125
9 0.7671875 0.6453125 0.15625 0.590625
11 0.72890625 0.5078125 0.0796875 0.240625
4 0.7734375 0.6578125 0.109375 0.084375
1 0.75703125 0.8796875 0.109375 0.08125