10 0.38984375 0.0984375 0.1796875 0.196875
0 0.353125 0.4140625 0.175 0.13125
0 0.4453125 0.4609375 0.06875 0.14375
3 0.29453125 0.20078125 0.0546875 0.0703125
3 0.46640625 0.2359375 0.0265625 0.078125
10 0.840625 0.196875 0.31875 0.321875
0 0.95546875 0.56328125 0.0890625 0.0734375
0 0.8859375 0.58203125 0.20625 0.0359375
8 0.8421875 0.3 0.315625 0.6
0 0.2203125 0.8171875 0.190625 0.13125
0 0.165625 0.7609375 0.134375 0.115625
3 0.19765625 0.61875 0.0953125 0.0375
0 0.81875 0.6265625 0.05 0.053125
0 0.74609375 0.61875 0.0359375 0.0375