10 0.2984375 0.05546875 0.153125 0.1109375
0 0.25 0.25 0.05 0.078125
0 0.3484375 0.25546875 0.071875 0.0734375
8 0.30625 0.15078125 0.265625 0.3015625
10 0.87109375 0.03203125 0.1328125 0.0640625
0 0.834375 0.19140625 0.05625 0.0671875
0 0.90703125 0.18359375 0.0609375 0.0640625
3 0.78671875 0.0796875 0.0265625 0.040625
3 0.97265625 0.07578125 0.0359375 0.0390625
7 0.31953125 0.7171875 0.2984375 0.15625
8 0.234375 0.81953125 0.46875 0.3609375
8 0.62734375 0.703125 0.2453125 0.128125
0 0.57421875 0.6515625 0.1015625 0.025
0 0.65390625 0.65390625 0.0734375 0.0296875