5 0.16171875 0.0734375 0.1265625 0.0671875
10 0.18515625 0.2265625 0.2015625 0.1859375
8 0.1890625 0.23671875 0.315625 0.4046875
3 0.30703125 0.32265625 0.0625 0.059375
3 0.09765625 0.3390625 0.0671875 0.046875
10 0.865625 0.21953125 0.26875 0.4390625
10 0.61953125 0.21953125 0.2984375 0.4390625
10 0.45703125 0.2296875 0.0359375 0.41875
10 0.49921875 0.23984375 0.1203125 0.3984375
3 0.16015625 0.73671875 0.3203125 0.5265625
8 0.5921875 0.515625 0.30625 0.153125
0 0.5578125 0.56640625 0.0921875 0.04375
0 0.6765625 0.5703125 0.0953125 0.05