0 0.1125 0.1515625 0.075 0.128125
0 0.1828125 0.09765625 0.071875 0.1046875
8 0.17890625 0.11640625 0.3578125 0.2328125
10 0.8265625 0.0734375 0.278125 0.146875
0 0.7515625 0.33828125 0.1 0.0609375
0 0.9078125 0.3375 0.103125 0.0625
8 0.80546875 0.184375 0.3890625 0.36875
10 0.3390625 0.52890625 0.125 0.1140625
0 0.31875 0.7109375 0.053125 0.078125
0 0.35625 0.69296875 0.04375 0.0609375
5 0.3390625 0.42578125 0.09375 0.0359375
3 0.2625 0.6046875 0.034375 0.028125
3 0.43203125 0.60234375 0.0296875 0.0390625
2 0.340625 0.44609375 0.059375 0.0109375
10 0.7046875 0.5328125 0.1796875 0.18125
5 0.72890625 0.39609375 0.1296875 0.0546875
8 0.70859375 0.61640625 0.2890625 0.4953125
3 0.6046875 0.63359375 0.065625 0.0625
0 0.746875 0.8265625 0.096875 0.05625
0 0.63125 0.77734375 0.071875 0.0578125