10 0.353125 0.06875 0.290625 0.1375
0 0.1609375 0.365625 0.196875 0.140625
0 0.35 0.36640625 0.159375 0.1390625
3 0.16328125 0.13828125 0.0546875 0.0765625
3 0.48125 0.18125 0.075 0.08125
8 0.6421875 0.071875 0.16875 0.14375
10 0.63671875 0.01171875 0.0953125 0.0234375
0 0.58046875 0.0359375 0.03125 0.028125
0 0.71015625 0.03125 0.028125 0.03125
10 0.346875 0.54921875 0.146875 0.1203125
0 0.3859375 0.74921875 0.059375 0.0796875
0 0.2890625 0.74609375 0.05625 0.0796875
3 0.25625 0.6265625 0.040625 0.04375
3 0.44296875 0.6265625 0.0390625 0.04375
10 0.54453125 0.62265625 0.0515625 0.2390625
8 0.5796875 0.74453125 0.121875 0.5109375