10 0.87109375 0.3015625 0.1734375 0.175
5 0.88984375 0.175 0.1296875 0.0765625
8 0.865625 0.28828125 0.26875 0.3234375
3 0.78046875 0.4046875 0.065625 0.0609375
10 0.275 0.48828125 0.109375 0.0765625
8 0.25390625 0.5984375 0.1515625 0.296875
0 0.2453125 0.6765625 0.065625 0.0421875
0 0.30859375 0.69765625 0.0421875 0.0546875
3 0.209375 0.5390625 0.0515625 0.04375
10 0.62421875 0.60859375 0.1328125 0.1171875
0 0.60625 0.7890625 0.046875 0.06875
0 0.6484375 0.778125 0.05 0.05625
5 0.62265625 0.51328125 0.0765625 0.0390625
3 0.53984375 0.6890625 0.0390625 0.046875
3 0.70703125 0.6796875 0.0453125 0.04375
2 0.6234375 0.53984375 0.06875 0.0140625