10 0.20078125 0.22890625 0.2125 0.23125
5 0.17890625 0.040625 0.1671875 0.08125
3 0.11015625 0.3734375 0.0875 0.0734375
8 0.1890625 0.3 0.340625 0.6
3 0.33125 0.35 0.05625 0.071875
0 0.1515625 0.58359375 0.1125 0.0328125
7 0.20546875 0.0984375 0.096875 0.040625
0 0.27578125 0.571875 0.1609375 0.05625
10 0.81015625 0.23125 0.2453125 0.2125
0 0.80546875 0.5484375 0.1671875 0.103125
0 0.89921875 0.521875 0.1671875 0.10625
5 0.8125 0.0296875 0.1625 0.059375
2 0.84375 0.06875 0.11875 0.028125
3 0.8140625 0.3828125 0.071875 0.053125
3 0.94453125 0.34296875 0.0421875 0.0609375
3 0.0640625 0.7578125 0.128125 0.315625