10 0.08203125 0.03046875 0.1359375 0.0609375
0 0.0515625 0.1921875 0.053125 0.071875
0 0.1296875 0.1796875 0.053125 0.059375
3 0.00625 0.07578125 0.0125 0.0359375
3 0.184375 0.07109375 0.0375 0.0421875
10 0.5953125 0.13515625 0.171875 0.2359375
0 0.5859375 0.4296875 0.103125 0.059375
8 0.62734375 0.2296875 0.2359375 0.459375
10 0.43828125 0.76328125 0.1421875 0.2703125
5 0.4640625 0.515625 0.090625 0.090625
8 0.403125 0.73984375 0.2125 0.5203125
10 0.8796875 0.82265625 0.2 0.1859375
5 0.89296875 0.665625 0.1171875 0.059375
2 0.89453125 0.70234375 0.0796875 0.0203125
3 0.753125 0.93515625 0.05 0.0578125