10 0.16875 0.0703125 0.234375 0.140625
0 0.13359375 0.3359375 0.0921875 0.115625
0 0.27109375 0.3390625 0.1 0.115625
8 0.1796875 0.203125 0.35 0.40625
10 0.96484375 0.1703125 0.0703125 0.2125
8 0.9296875 0.275 0.140625 0.55
0 0.96875 0.5 0.0625 0.05625
3 0.92421875 0.29609375 0.071875 0.06875
8 0.19375 0.79140625 0.34375 0.4171875
10 0.1921875 0.8265625 0.2625 0.221875
5 0.175 0.625 0.1546875 0.071875
8 0.84921875 0.7671875 0.3015625 0.434375
10 0.83984375 0.63046875 0.2609375 0.1609375
0 0.81875 0.91796875 0.1375 0.1265625
0 0.925 0.88515625 0.15 0.1109375