10 0.1734375 0.28984375 0.153125 0.1328125
5 0.1703125 0.16171875 0.096875 0.0421875
2 0.17890625 0.184375 0.0671875 0.015625
3 0.08984375 0.3765625 0.0453125 0.04375
3 0.275 0.375 0.0375 0.04375
10 0.90859375 0.06328125 0.1828125 0.1265625
0 0.89453125 0.35078125 0.1171875 0.1171875
8 0.8734375 0.2046875 0.253125 0.409375
10 0.38359375 0.48828125 0.1515625 0.1578125
0 0.4375 0.73515625 0.04375 0.1109375
0 0.39609375 0.778125 0.0953125 0.11875
3 0.29765625 0.60703125 0.0671875 0.0578125
10 0.9265625 0.44296875 0.146875 0.0671875
0 0.975 0.625 0.05 0.078125
0 0.87734375 0.60625 0.0609375 0.075
3 0.85703125 0.49296875 0.0484375 0.0390625