10 0.0875 0.03828125 0.171875 0.0765625
0 0.11875 0.228125 0.109375 0.0875
0 0.02578125 0.22421875 0.0515625 0.0828125
3 0.00625 0.0984375 0.0125 0.040625
3 0.21796875 0.0921875 0.0359375 0.046875
0 0.60546875 0.33515625 0.1109375 0.1765625
0 0.621875 0.278125 0.134375 0.15
8 0.6828125 0.21484375 0.265625 0.4296875
10 0.41328125 0.49921875 0.2453125 0.1390625
0 0.353125 0.76796875 0.08125 0.1171875
0 0.490625 0.75703125 0.10625 0.1171875
3 0.3015625 0.6015625 0.06875 0.06875
3 0.52578125 0.59609375 0.0484375 0.0796875
3 0.9515625 0.69375 0.040625 0.04375
2 0.990625 0.4859375 0.01875 0.01875