10 0.2140625 0.12421875 0.1140625 0.0984375
0 0.22265625 0.26875 0.046875 0.05625
0 0.1796875 0.27421875 0.05 0.0640625
5 0.2125 0.0359375 0.0625 0.03125
8 0.21875 0.165625 0.19375 0.29375
0 0.87890625 0.25234375 0.1859375 0.1140625
0 0.85625 0.20234375 0.165625 0.1015625
3 0.74609375 0.04296875 0.0921875 0.0765625
8 0.2046875 0.709375 0.409375 0.58125
5 0.1453125 0.5453125 0.290625 0.253125
5 0.49453125 0.4703125 0.1234375 0.103125
10 0.51640625 0.71953125 0.1734375 0.2765625
8 0.534375 0.709375 0.25 0.58125