10 0.95390625 0.134375 0.0921875 0.165625
0 0.909375 0.36015625 0.096875 0.0390625
3 0.875 0.24375 0.05625 0.053125
10 0.1265625 0.640625 0.253125 0.278125
0 0.0546875 0.96796875 0.109375 0.0640625
5 0.0953125 0.4109375 0.190625 0.0625
8 0.1609375 0.68984375 0.321875 0.6203125
10 0.89609375 0.6234375 0.2078125 0.25625
0 0.840625 0.96796875 0.109375 0.0640625
0 0.96171875 0.94375 0.0765625 0.1125
5 0.9171875 0.40625 0.165625 0.053125
2 0.940625 0.4421875 0.11875 0.03125
3 0.73671875 0.78203125 0.0640625 0.0796875