10 0.16171875 0.18515625 0.1421875 0.1265625
0 0.14140625 0.37734375 0.0609375 0.0703125
0 0.23828125 0.38203125 0.0671875 0.0671875
5 0.15703125 0.06953125 0.1015625 0.0421875
3 0.0703125 0.26171875 0.03125 0.0390625
3 0.2578125 0.265625 0.040625 0.04375
2 0.13828125 0.09140625 0.0671875 0.0140625
10 0.74453125 0.02265625 0.1140625 0.0453125
0 0.71171875 0.14453125 0.046875 0.0578125
0 0.784375 0.153125 0.065625 0.0625
8 0.74296875 0.096875 0.1859375 0.19375
10 0.3765625 0.87421875 0.165625 0.2515625
5 0.39609375 0.6421875 0.1265625 0.078125
8 0.29140625 0.79921875 0.3359375 0.4015625