10 0.209375 0.04375 0.203125 0.0875
0 0.15625 0.25234375 0.078125 0.0953125
0 0.2703125 0.25078125 0.075 0.1015625
3 0.10859375 0.109375 0.0515625 0.04375
3 0.3140625 0.10546875 0.053125 0.0484375
10 0.9015625 0.16640625 0.196875 0.2109375
0 0.8625 0.48203125 0.096875 0.1359375
0 0.9765625 0.471875 0.046875 0.125
2 0.93359375 0.009375 0.1109375 0.01875
3 0.81640625 0.30390625 0.0734375 0.0578125
3 0.1234375 0.82890625 0.246875 0.2796875
3 0.45 0.84453125 0.2 0.3109375
3 0.79453125 0.84453125 0.4109375 0.3109375