10 0.41875 0.03203125 0.0625 0.0640625
0 0.44296875 0.16484375 0.0140625 0.0578125
0 0.3875 0.1546875 0.0359375 0.046875
8 0.4046875 0.1 0.090625 0.2
0 0.9 0.2515625 0.2 0.109375
0 0.97734375 0.290625 0.0453125 0.11875
8 0.8921875 0.171875 0.215625 0.34375
10 0.03515625 0.7203125 0.0703125 0.121875
0 0.03984375 0.90703125 0.0609375 0.0765625
5 0.021875 0.61875 0.04375 0.05625
8 0.0484375 0.775 0.096875 0.378125
10 0.91171875 0.59609375 0.1359375 0.16875
3 0.83125 0.69765625 0.0671875 0.0609375
8 0.89765625 0.70390625 0.2046875 0.3890625