10 0.1921875 0.22421875 0.134375 0.1359375
0 0.19453125 0.41796875 0.0671875 0.0765625
0 0.128125 0.4171875 0.05 0.071875
5 0.2078125 0.10390625 0.084375 0.0375
8 0.18828125 0.26796875 0.23125 0.3765625
10 0.7421875 0.0734375 0.1875 0.146875
0 0.6828125 0.284375 0.0625 0.084375
0 0.80078125 0.3203125 0.0921875 0.10625
8 0.740625 0.19140625 0.290625 0.3828125
10 0.371875 0.5484375 0.134375 0.1375
0 0.34609375 0.753125 0.059375 0.08125
0 0.421875 0.759375 0.034375 0.078125
5 0.3484375 0.6390625 0.18125 0.31875
10 0.54296875 0.61328125 0.2078125 0.2671875
0 0.5390625 0.95859375 0.134375 0.0828125
8 0.5859375 0.73984375 0.29375 0.5203125