10 0.12421875 0.25703125 0.2109375 0.1890625
0 0.1515625 0.4828125 0.071875 0.053125
5 0.13515625 0.09140625 0.1328125 0.0640625
3 0.0125 0.37578125 0.025 0.0609375
3 0.2859375 0.375 0.046875 0.06875
2 0.13359375 0.128125 0.0921875 0.021875
10 0.9515625 0.175 0.096875 0.284375
8 0.89609375 0.2546875 0.2078125 0.509375
10 0.41796875 0.72109375 0.1421875 0.1265625
0 0.396875 0.91328125 0.0625 0.0703125
0 0.49453125 0.91796875 0.0671875 0.0671875
5 0.41328125 0.6046875 0.1015625 0.040625
3 0.32734375 0.796875 0.0328125 0.040625
3 0.5109375 0.8 0.0375 0.04375
2 0.39140625 0.628125 0.0609375 0.015625
10 0.7953125 0.7125 0.15 0.140625
0 0.7625 0.92265625 0.05625 0.0828125
0 0.81015625 0.90703125 0.0390625 0.0703125
5 0.79453125 0.58515625 0.0890625 0.0328125
2 0.79453125 0.60703125 0.0671875 0.0140625
3 0.90078125 0.79296875 0.0390625 0.0421875
3 0.68515625 0.796875 0.0390625 0.040625