10 0.08671875 0.25625 0.1109375 0.09375
0 0.103125 0.40234375 0.05 0.0546875
0 0.03046875 0.39375 0.0359375 0.046875
5 0.08828125 0.16953125 0.0640625 0.0296875
3 0.01953125 0.3171875 0.0296875 0.028125
3 0.14765625 0.31953125 0.0265625 0.0265625
2 0.08984375 0.1890625 0.0515625 0.009375
10 0.60234375 0.259375 0.1671875 0.28125
5 0.57734375 0.02265625 0.1171875 0.0453125
8 0.6484375 0.21484375 0.259375 0.4296875
10 0.39609375 0.7921875 0.234375 0.215625
5 0.41328125 0.59375 0.146875 0.071875
8 0.36328125 0.77734375 0.3109375 0.4453125
10 0.93984375 0.678125 0.1203125 0.128125
0 0.97421875 0.871875 0.0515625 0.071875
0 0.91484375 0.8578125 0.0421875 0.059375
5 0.94765625 0.56484375 0.0890625 0.0359375
3 0.88203125 0.7578125 0.0421875 0.0375
2 0.9578125 0.584375 0.059375 0.015625