10 0.1921875 0.02578125 0.246875 0.0515625
0 0.1984375 0.28046875 0.196875 0.1265625
0 0.2640625 0.23984375 0.128125 0.1140625
3 0.21953125 0.10625 0.0734375 0.0625
10 0.725 0.2484375 0.1140625 0.10625
0 0.69140625 0.40078125 0.046875 0.0578125
0 0.7640625 0.409375 0.065625 0.0625
5 0.725 0.1546875 0.084375 0.0328125
8 0.7234375 0.2921875 0.1859375 0.315625
10 0.28671875 0.75390625 0.1953125 0.1671875
0 0.31171875 0.9796875 0.0703125 0.040625
0 0.2109375 0.971875 0.0625 0.05625
5 0.29921875 0.60234375 0.1140625 0.0484375
3 0.18671875 0.8625 0.0484375 0.05
3 0.4140625 0.85390625 0.046875 0.0515625
2 0.30078125 0.63515625 0.0953125 0.0171875
0 0.77890625 0.5875 0.0890625 0.0375
0 0.88515625 0.5875 0.1109375 0.0375