10 0.2984375 0.21328125 0.134375 0.1359375
0 0.30078125 0.40703125 0.0671875 0.0765625
0 0.234375 0.40625 0.05 0.071875
5 0.3140625 0.09296875 0.084375 0.0375
8 0.29453125 0.25703125 0.23125 0.3765625
10 0.8734375 0.38046875 0.228125 0.1765625
5 0.88203125 0.215625 0.1375 0.06875
8 0.85 0.3234375 0.3 0.290625
5 0.30859375 0.5765625 0.2 0.096875
8 0.321875 0.76953125 0.29375 0.4609375
10 0.32421875 0.78828125 0.2515625 0.2484375
7 0.36953125 0.63359375 0.0734375 0.0421875
3 0.35546875 0.95 0.0875 0.0671875
10 0.925 0.63125 0.15 0.259375
0 0.94140625 0.96328125 0.0953125 0.0734375
8 0.89453125 0.734375 0.2109375 0.53125