10 0.4140625 0.16796875 0.18125 0.1734375
0 0.37265625 0.43828125 0.0703125 0.1015625
0 0.4265625 0.41640625 0.05625 0.0921875
5 0.4234375 0.01640625 0.1125 0.0328125
3 0.31328125 0.28203125 0.0546875 0.0515625
3 0.53828125 0.27109375 0.0390625 0.0546875
2 0.434375 0.03671875 0.096875 0.0203125
10 0.50390625 0.63984375 0.1140625 0.0984375
0 0.5125 0.784375 0.046875 0.05625
0 0.46875 0.78984375 0.05 0.0640625
5 0.5015625 0.5515625 0.0625 0.03125
3 0.58359375 0.6921875 0.0265625 0.03125
3 0.4375 0.7 0.025 0.03125
2 0.50390625 0.56875 0.0484375 0.0125
10 0.76875 0.51484375 0.15 0.0515625
0 0.71640625 0.68828125 0.0890625 0.0828125
0 0.803125 0.678125 0.059375 0.075
3 0.68359375 0.55625 0.0328125 0.040625
3 0.84453125 0.5578125 0.0453125 0.04375