10 0.1078125 0.0359375 0.215625 0.071875
0 0.04296875 0.2890625 0.0859375 0.13125
0 0.1234375 0.3359375 0.1359375 0.14375
8 0.14140625 0.215625 0.2828125 0.43125
10 0.5234375 0.33125 0.146875 0.19375
5 0.484375 0.14609375 0.06875 0.0609375
3 0.603125 0.4375 0.08125 0.04375
2 0.48515625 0.178125 0.0703125 0.028125
10 0.07734375 0.7578125 0.1546875 0.18125
5 0.08984375 0.6140625 0.1296875 0.06875
8 0.10703125 0.790625 0.2140625 0.41875
10 0.78125 0.58046875 0.153125 0.1515625
0 0.74375 0.80546875 0.078125 0.0890625
0 0.828125 0.7875 0.05625 0.071875
5 0.77890625 0.465625 0.1203125 0.0125
2 0.75625 0.47265625 0.0625 0.0171875
3 0.85234375 0.67265625 0.0515625 0.0453125