10 0.0296875 0.21171875 0.059375 0.1484375
5 0.0203125 0.07890625 0.040625 0.0453125
8 0.0671875 0.20703125 0.134375 0.3046875
10 0.85 0.221875 0.1109375 0.1
0 0.8625 0.3484375 0.046875 0.021875
0 0.82578125 0.3515625 0.0640625 0.015625
5 0.84765625 0.13671875 0.0671875 0.0328125
8 0.85703125 0.2390625 0.1921875 0.240625
10 0.3921875 0.46015625 0.134375 0.1515625
0 0.3640625 0.68515625 0.078125 0.0890625
0 0.43984375 0.6671875 0.0390625 0.071875
3 0.453125 0.55234375 0.0125 0.0453125
10 0.64453125 0.57265625 0.125 0.1078125
0 0.590625 0.7328125 0.0390625 0.05625
0 0.6640625 0.74453125 0.065625 0.0640625
5 0.64765625 0.47734375 0.0796875 0.040625
8 0.6421875 0.6171875 0.203125 0.340625