10 0.24453125 0.1515625 0.2453125 0.209375
0 0.171875 0.4359375 0.096875 0.065625
0 0.31640625 0.434375 0.1171875 0.06875
2 0.23984375 0.003125 0.1140625 0.00625
3 0.1265625 0.29296875 0.06875 0.0546875
3 0.37421875 0.275 0.0609375 0.065625
3 0.5375 0.0671875 0.2375 0.134375
3 0.9015625 0.1859375 0.196875 0.371875
0 0.4046875 0.55703125 0.028125 0.0953125
8 0.89140625 0.70625 0.2171875 0.475
3 0.88984375 0.4953125 0.0953125 0.053125
0 0.9171875 0.70546875 0.1453125 0.0671875
0 0.965625 0.66640625 0.06875 0.0609375