10 0.05703125 0.2390625 0.1140625 0.128125
0 0.05390625 0.434375 0.0671875 0.078125
0 0.00625 0.42421875 0.0125 0.0671875
5 0.06015625 0.12265625 0.0859375 0.0328125
3 0.13046875 0.3171875 0.0328125 0.04375
2 0.0671875 0.14453125 0.05625 0.0171875
10 0.56015625 0.075 0.2109375 0.15
0 0.5265625 0.33515625 0.08125 0.1078125
0 0.6375 0.33984375 0.096875 0.1078125
8 0.5859375 0.203125 0.3125 0.40625
8 0.30390625 0.7671875 0.2515625 0.234375
0 0.24921875 0.83203125 0.0796875 0.05625
0 0.3484375 0.83515625 0.1234375 0.0625
3 0.20859375 0.68359375 0.05625 0.05