10 0.3328125 0.03125 0.2125 0.0625
0 0.40625 0.28671875 0.065625 0.1046875
0 0.290625 0.2484375 0.071875 0.1125
8 0.3 0.16953125 0.278125 0.3390625
10 0.7296875 0.2484375 0.246875 0.18125
5 0.7171875 0.05859375 0.184375 0.0671875
2 0.74609375 0.1 0.1078125 0.01875
10 0.32109375 0.665625 0.2359375 0.246875
0 0.40234375 0.97421875 0.0734375 0.0515625
0 0.2671875 0.9765625 0.10625 0.046875
5 0.35 0.43203125 0.159375 0.0703125
8 0.28984375 0.68984375 0.2984375 0.6203125
10 0.58359375 0.51171875 0.2890625 0.2515625
0 0.5109375 0.87734375 0.09375 0.1453125
0 0.67890625 0.86953125 0.121875 0.1484375
8 0.6234375 0.65078125 0.36875 0.6234375