10 0.26484375 0.02421875 0.1546875 0.0484375
8 0.28515625 0.16875 0.2828125 0.3375
3 0.17734375 0.0640625 0.065625 0.0578125
0 0.2296875 0.2328125 0.0890625 0.053125
0 0.30625 0.22421875 0.1203125 0.0453125
10 0.8921875 0.4078125 0.215625 0.26875
5 0.9140625 0.1640625 0.171875 0.09375
3 0.77109375 0.57734375 0.0890625 0.0453125
2 0.96015625 0.209375 0.0796875 0.03125
10 0.1515625 0.87578125 0.109375 0.0921875
0 0.11796875 0.99140625 0.0421875 0.0171875
5 0.1546875 0.79296875 0.0625 0.03125
8 0.15234375 0.88671875 0.1484375 0.2265625
0 0.61328125 0.728125 0.0671875 0.146875
0 0.75390625 0.7765625 0.1140625 0.175
8 0.71953125 0.7390625 0.2796875 0.278125