8 0.2703125 0.109375 0.196875 0.21875
0 0.259375 0.20625 0.0828125 0.05
3 0.228125 0.02578125 0.0546875 0.0515625
0 0.3515625 0.2 0.034375 0.05625
8 0.68984375 0.23203125 0.3421875 0.4640625
10 0.6875 0.1125 0.2328125 0.2
0 0.61875 0.396875 0.0890625 0.115625
0 0.76171875 0.39609375 0.090625 0.1171875
9 0.14453125 0.6796875 0.2890625 0.38125
11 0.09375 0.5234375 0.1875 0.06875
4 0.16953125 0.60078125 0.10625 0.090625
1 0.05546875 0.7875 0.1109375 0.078125
1 0.14453125 0.82890625 0.15625 0.1
3 0.603125 0.790625 0.4359375 0.3828125
3 0.646875 0.53828125 0.434375 0.0984375