10 0.11484375 0.15234375 0.2296875 0.2109375
8 0.14609375 0.25 0.2921875 0.5
3 0.0171875 0.28359375 0.034375 0.0640625
7 0.1015625 0.03203125 0.1015625 0.0390625
3 0.246875 0.27734375 0.0609375 0.06875
0 0.0640625 0.4796875 0.09375 0.040625
0 0.20546875 0.475 0.1203125 0.05
10 0.74765625 0.19375 0.1578125 0.315625
8 0.834375 0.25 0.33125 0.5
10 0.17421875 0.7796875 0.3171875 0.28125
5 0.1796875 0.5328125 0.20625 0.065625
8 0.2125 0.75 0.425 0.5
10 0.765625 0.74609375 0.19375 0.2828125
5 0.75 0.51484375 0.1625 0.0296875
8 0.8125 0.75 0.2875 0.5