10 0.34140625 0.33828125 0.1421875 0.1203125
0 0.309375 0.52578125 0.059375 0.0703125
0 0.36640625 0.51015625 0.0609375 0.0671875
5 0.33046875 0.23515625 0.0953125 0.0484375
2 0.3359375 0.2578125 0.059375 0.0125
3 0.25625 0.421875 0.040625 0.03125
3 0.42265625 0.4109375 0.0265625 0.040625
10 0.5625 0.23046875 0.1625 0.165625
8 0.575 0.28828125 0.2125 0.4546875
5 0.5484375 0.0953125 0.128125 0.0609375
3 0.6484375 0.3171875 0.0609375 0.0609375
0 0.52890625 0.4828125 0.0890625 0.04375
0 0.6078125 0.4625 0.0671875 0.04375
10 0.2640625 0.9171875 0.153125 0.121875
5 0.26328125 0.815625 0.1015625 0.05625
2 0.2671875 0.83671875 0.05625 0.0140625
3 0.18828125 0.9890625 0.0421875 0.021875
3 0.34296875 0.98359375 0.0203125 0.0328125
10 0.8875 0.76015625 0.1328125 0.2109375
10 0.5890625 0.8265625 0.153125 0.2890625