10 0.72421875 0.07109375 0.1140625 0.0984375
0 0.7328125 0.215625 0.046875 0.05625
0 0.6890625 0.22109375 0.05 0.0640625
3 0.6546875 0.13046875 0.025 0.0265625
5 0.8046875 0.1234375 0.021875 0.028125
2 0.721875 0.00234375 0.046875 0.0046875
10 0.065625 0.49765625 0.13125 0.1765625
0 0.0546875 0.82109375 0.109375 0.1265625
3 0.14453125 0.63125 0.0984375 0.084375
10 0.55078125 0.5109375 0.1359375 0.11875
0 0.60703125 0.6921875 0.0609375 0.065625
0 0.53359375 0.69296875 0.0421875 0.0671875
5 0.53671875 0.415625 0.0828125 0.0125
3 0.47890625 0.59140625 0.0421875 0.0359375
3 0.62734375 0.575 0.0328125 0.040625
2 0.54765625 0.425 0.0609375 0.0125