10 0.11328125 0.0671875 0.2265625 0.134375
0 0.034375 0.3640625 0.06875 0.14375
0 0.1734375 0.371875 0.096875 0.15
8 0.1453125 0.23671875 0.290625 0.4734375
10 0.7375 0.22890625 0.153125 0.1515625
0 0.7 0.44453125 0.078125 0.0703125
0 0.78359375 0.4359375 0.05625 0.071875
5 0.73515625 0.0953125 0.1203125 0.0484375
8 0.74921875 0.2734375 0.2265625 0.4125
10 0.1578125 0.62578125 0.18125 0.1734375
0 0.11640625 0.90078125 0.0703125 0.1109375
0 0.1703125 0.87421875 0.05625 0.0921875
5 0.165625 0.48515625 0.1125 0.0109375
8 0.16171875 0.725 0.3140625 0.490625
10 0.78046875 0.53828125 0.1890625 0.1171875
0 0.8171875 0.77890625 0.071875 0.1140625
0 0.7015625 0.74453125 0.059375 0.0765625
3 0.66171875 0.6234375 0.0546875 0.05
3 0.909375 0.6203125 0.0375 0.053125