10 0.209375 0.1375 0.125 0.109375
0 0.2140625 0.30625 0.046875 0.065625
0 0.15546875 0.2984375 0.0390625 0.059375
5 0.21171875 0.0390625 0.0828125 0.0375
2 0.21796875 0.059375 0.0578125 0.0125
3 0.13203125 0.20546875 0.0328125 0.0359375
3 0.28828125 0.20390625 0.0328125 0.0328125
10 0.725 0.2734375 0.190625 0.246875
5 0.696875 0.03984375 0.134375 0.0703125
2 0.6890625 0.08515625 0.11875 0.0296875
3 0.83125 0.43125 0.071875 0.075
0 0.1734375 0.77109375 0.08125 0.1078125
0 0.284375 0.77578125 0.096875 0.1078125
8 0.221875 0.69609375 0.334375 0.2921875