10 0.08203125 0.03203125 0.1640625 0.0640625
0 0.03515625 0.23984375 0.0703125 0.0984375
0 0.159375 0.2390625 0.096875 0.1
8 0.11015625 0.14453125 0.2203125 0.2890625
8 0.896875 0.08046875 0.20625 0.1609375
0 0.925 0.096875 0.1171875 0.134375
3 0.2890625 0.78359375 0.38125 0.4328125
10 0.79921875 0.4765625 0.2609375 0.21875
0 0.790625 0.80546875 0.171875 0.1265625
0 0.90390625 0.77109375 0.1640625 0.1109375
2 0.83515625 0.3046875 0.1015625 0.021875
3 0.7921875 0.62578125 0.075 0.0578125
3 0.94375 0.58125 0.040625 0.0625