10 0.43046875 0.15703125 0.2171875 0.2234375
8 0.41640625 0.21484375 0.3453125 0.4296875
3 0.33359375 0.3015625 0.0859375 0.0703125
3 0.55703125 0.28046875 0.0640625 0.0703125
7 0.4390625 0.0296875 0.1 0.0375
10 0.62578125 0.134375 0.0734375 0.228125
8 0.653125 0.21484375 0.128125 0.4296875
3 0.69609375 0.25625 0.059375 0.071875
3 0.12578125 0.66328125 0.2515625 0.4578125
3 0.45859375 0.82578125 0.2609375 0.3484375
8 0.84765625 0.71484375 0.3046875 0.5703125
10 0.86953125 0.68125 0.2609375 0.290625
5 0.87265625 0.44609375 0.2109375 0.0328125
0 0.84375 0.97734375 0.184375 0.0453125