10 0.10625 0.35078125 0.2125 0.1921875
0 0.13515625 0.5734375 0.0828125 0.03125
5 0.0875 0.1703125 0.125 0.05625
8 0.1484375 0.36015625 0.296875 0.4578125
10 0.6359375 0.13046875 0.15 0.1453125
0 0.58359375 0.35078125 0.0890625 0.0828125
0 0.6703125 0.340625 0.059375 0.075
5 0.6375 0.0109375 0.109375 0.021875
3 0.54921875 0.21953125 0.0390625 0.0390625
3 0.7109375 0.22421875 0.046875 0.0484375
2 0.61328125 0.0234375 0.0703125 0.021875
10 0.14375 0.61796875 0.253125 0.0578125
0 0.0421875 0.91171875 0.084375 0.1578125
0 0.1640625 0.86484375 0.096875 0.1453125
3 0.34609375 0.68203125 0.0578125 0.0796875
5 0.7546875 0.628125 0.084375 0.078125
10 0.76640625 0.871875 0.1703125 0.25625
8 0.73984375 0.79453125 0.5203125 0.4109375