8 0.37734375 0.26953125 0.2640625 0.5390625
10 0.3828125 0.2359375 0.2453125 0.2125
0 0.37890625 0.5203125 0.1671875 0.0375
0 0.4484375 0.50625 0.121875 0.065625
5 0.3859375 0.03203125 0.1625 0.0640625
10 0.82421875 0.16796875 0.2390625 0.2203125
0 0.809375 0.48046875 0.15 0.1171875
0 0.91796875 0.459375 0.1640625 0.109375
2 0.828125 0.00625 0.1375 0.0125
3 0.7953125 0.315625 0.08125 0.06875
3 0.96171875 0.28046875 0.0453125 0.0546875
3 0.31328125 0.72421875 0.3921875 0.3703125
10 0.80078125 0.715625 0.215625 0.25625
8 0.82734375 0.76953125 0.3453125 0.4609375
3 0.87890625 0.89140625 0.0921875 0.0859375
3 0.68046875 0.853125 0.084375 0.08125