5 0.02890625 0.07109375 0.0578125 0.0453125
10 0.03203125 0.165625 0.0640625 0.115625
8 0.04921875 0.20859375 0.0984375 0.3328125
10 0.79453125 0.13984375 0.2109375 0.1890625
0 0.7515625 0.4203125 0.075 0.078125
0 0.821875 0.39140625 0.071875 0.1046875
8 0.81015625 0.2296875 0.3734375 0.459375
10 0.19765625 0.56796875 0.1765625 0.1640625
0 0.17109375 0.96484375 0.0609375 0.0703125
0 0.24609375 0.96640625 0.0609375 0.0671875
8 0.190625 0.7296875 0.3 0.540625
10 0.784375 0.4703125 0.125 0.021875
0 0.73046875 0.5875 0.0390625 0.05625
0 0.80390625 0.59921875 0.0640625 0.0640625
3 0.7109375 0.496875 0.034375 0.03125
3 0.85234375 0.49609375 0.0265625 0.0359375