10 0.24765625 0.05 0.2203125 0.1
0 0.28671875 0.26328125 0.0703125 0.0890625
0 0.2046875 0.30546875 0.084375 0.1234375
3 0.11484375 0.12578125 0.0578125 0.0609375
3 0.4109375 0.11953125 0.053125 0.0640625
0 0.59375 0.21875 0.1171875 0.146875
0 0.7546875 0.26875 0.121875 0.165625
8 0.665625 0.1796875 0.353125 0.359375
10 0.3703125 0.5125 0.1875 0.165625
8 0.34765625 0.62265625 0.2828125 0.3859375
3 0.25625 0.6140625 0.0640625 0.0625
0 0.39375 0.803125 0.0953125 0.0546875
0 0.284375 0.759375 0.08125 0.0640625
3 0.48359375 0.609375 0.0109375 0.05625
10 0.6421875 0.471875 0.15 0.084375
0 0.71796875 0.6625 0.10625 0.078125
0 0.59296875 0.64375 0.0609375 0.075
8 0.65625 0.571875 0.271875 0.284375