0 0.009375 0.1078125 0.01875 0.078125
0 0.09296875 0.11328125 0.0703125 0.0734375
3 0.1453125 0.00546875 0.0375 0.0109375
10 0.96796875 0.12109375 0.0640625 0.1359375
0 0.96015625 0.3078125 0.0609375 0.0625
2 0.98046875 0.021875 0.0390625 0.01875
3 0.909375 0.2 0.03125 0.04375
10 0.14140625 0.73828125 0.2640625 0.2171875
0 0.0546875 0.9859375 0.084375 0.028125
5 0.1390625 0.53671875 0.153125 0.0734375
2 0.13984375 0.575 0.1359375 0.01875
3 0.028125 0.88828125 0.05625 0.0609375
3 0.2625 0.8578125 0.034375 0.053125
10 0.78984375 0.703125 0.1609375 0.24375
5 0.7703125 0.46640625 0.0875 0.0765625
8 0.75 0.7 0.5 0.6