0 0.115625 0.1078125 0.053125 0.071875
0 0.19375 0.0953125 0.053125 0.059375
3 0.0625 0.0046875 0.028125 0.009375
10 0.88046875 0.21640625 0.2390625 0.2390625
5 0.878125 0.0140625 0.159375 0.028125
8 0.859375 0.2546875 0.28125 0.509375
10 0.35 0.603125 0.171875 0.15625
0 0.38125 0.8328125 0.109375 0.0875
0 0.284375 0.82890625 0.059375 0.0828125
8 0.33359375 0.696875 0.2328125 0.375
5 0.58828125 0.65390625 0.0859375 0.0859375
10 0.61640625 0.88515625 0.1640625 0.2296875
8 0.6390625 0.79375 0.378125 0.4125