10 0.12734375 0.253125 0.1984375 0.2
8 0.11953125 0.3265625 0.2390625 0.571875
5 0.1265625 0.0859375 0.15625 0.0734375
0 0.1015625 0.5796875 0.0859375 0.0625
0 0.159375 0.51171875 0.0984375 0.075
3 0.02265625 0.3828125 0.0453125 0.0625
7 0.153125 0.1359375 0.06875 0.03125
10 0.63359375 0.12265625 0.2890625 0.2453125
0 0.56875 0.48125 0.103125 0.15
0 0.73828125 0.48046875 0.103125 0.1453125
8 0.634375 0.2859375 0.4375 0.571875
8 0.19375 0.84453125 0.090625 0.3109375
10 0.5859375 0.8546875 0.1140625 0.10625
0 0.5515625 0.9890625 0.046875 0.021875
0 0.62421875 0.9921875 0.0640625 0.015625
5 0.5859375 0.7609375 0.084375 0.0328125
8 0.58359375 0.8703125 0.1859375 0.259375