0 0.37109375 0.146875 0.0890625 0.1125
0 0.42890625 0.1109375 0.0703125 0.09375
0 0.61484375 0.0109375 0.0984375 0.021875
0 0.7546875 0.00625 0.115625 0.0125
10 0.31015625 0.49921875 0.2421875 0.2078125
0 0.3875 0.84609375 0.1 0.1421875
0 0.253125 0.7890625 0.071875 0.1125
5 0.31875 0.315625 0.14375 0.06875
2 0.31640625 0.35859375 0.1171875 0.0203125
3 0.18125 0.646875 0.071875 0.06875
3 0.45859375 0.6296875 0.0484375 0.065625
10 0.565625 0.596875 0.1125 0.31875
5 0.5484375 0.3125 0.078125 0.078125
8 0.64453125 0.634375 0.2703125 0.73125