10 0.225 0.31796875 0.109375 0.0921875
0 0.265625 0.46171875 0.05625 0.0578125
0 0.19140625 0.44765625 0.0421875 0.0453125
5 0.22890625 0.2359375 0.0609375 0.03125
3 0.18359375 0.3734375 0.0265625 0.028125
2 0.23359375 0.25 0.0453125 0.0125
10 0.9203125 0.33671875 0.159375 0.1984375
0 0.97421875 0.60390625 0.0515625 0.1109375
0 0.92890625 0.646875 0.0953125 0.11875
5 0.93203125 0.16015625 0.1359375 0.0609375
2 0.9515625 0.1890625 0.096875 0.025
3 0.83046875 0.47578125 0.0671875 0.0578125
10 0.14375 0.8109375 0.15 0.140625
0 0.0828125 0.98125 0.078125 0.0375
8 0.14140625 0.859375 0.2484375 0.28125
10 0.9 0.79609375 0.2 0.1546875
3 0.77734375 0.89921875 0.0578125 0.0609375