10 0.32265625 0.26796875 0.1609375 0.146875
5 0.32890625 0.146875 0.096875 0.053125
8 0.32421875 0.2515625 0.2546875 0.275
3 0.228125 0.3609375 0.0484375 0.05
3 0.42265625 0.35703125 0.0484375 0.0515625
0 0.871875 0.07734375 0.0625 0.0859375
0 0.80546875 0.0828125 0.0671875 0.084375
10 0.32265625 0.48046875 0.1953125 0.1828125
0 0.32109375 0.85234375 0.2078125 0.1390625
0 0.2875 0.78828125 0.175 0.1265625
3 0.1546875 0.5765625 0.065625 0.065625
3 0.4390625 0.6171875 0.115625 0.0875
10 0.8390625 0.44296875 0.175 0.1078125
0 0.821875 0.646875 0.075 0.0875
0 0.8625 0.62734375 0.0453125 0.0703125
8 0.859375 0.54140625 0.278125 0.3046875