10 0.12578125 0.34375 0.2515625 0.2625
5 0.0953125 0.10234375 0.1671875 0.075
8 0.16328125 0.2890625 0.3265625 0.440625
10 0.7609375 0.0328125 0.125 0.065625
0 0.765625 0.1796875 0.046875 0.065625
0 0.70703125 0.171875 0.0390625 0.059375
3 0.68359375 0.07890625 0.0328125 0.0359375
3 0.83984375 0.07734375 0.0328125 0.0328125
10 0.4046875 0.7453125 0.16875 0.25
5 0.4296875 0.53203125 0.11875 0.0453125
3 0.296875 0.9046875 0.075 0.065625
2 0.4640625 0.56171875 0.05 0.0328125
10 0.77421875 0.6140625 0.2953125 0.209375
0 0.815625 0.9453125 0.16875 0.109375
0 0.6375 0.95546875 0.146875 0.0890625
3 0.59921875 0.73515625 0.0578125 0.0734375
3 0.93515625 0.7640625 0.0984375 0.084375