8 0.20625 0.1578125 0.30625 0.315625
0 0.1890625 0.26171875 0.0828125 0.053125
3 0.09921875 0.04453125 0.075 0.0625
8 0.54375 0.165625 0.36875 0.30625
10 0.240625 0.4546875 0.2265625 0.215625
8 0.20703125 0.584375 0.3046875 0.53125
0 0.3140625 0.81875 0.090625 0.06875
0 0.2171875 0.80546875 0.09375 0.0578125
3 0.1234375 0.59921875 0.0859375 0.0734375
7 0.24765625 0.33359375 0.0984375 0.0296875
10 0.73125 0.37109375 0.15 0.1046875
0 0.80625 0.571875 0.10625 0.078125
0 0.68046875 0.553125 0.0609375 0.075
3 0.83046875 0.42890625 0.0328125 0.0453125
3 0.66015625 0.43984375 0.0484375 0.0390625