10 0.25625 0.34765625 0.334375 0.2890625
5 0.278125 0.07890625 0.228125 0.0953125
2 0.29140625 0.13359375 0.1578125 0.0359375
3 0.05625 0.54296875 0.096875 0.0890625
3 0.50234375 0.5234375 0.0734375 0.09375
10 0.89296875 0.16171875 0.1171875 0.1359375
0 0.83515625 0.3703125 0.0890625 0.078125
0 0.93984375 0.37265625 0.1109375 0.0734375
5 0.89765625 0.0296875 0.1015625 0.04375
3 0.83046875 0.24375 0.0328125 0.0375
3 0.94296875 0.25859375 0.0546875 0.0515625
2 0.88828125 0.05703125 0.0828125 0.0109375
10 0.9140625 0.73046875 0.171875 0.2421875
3 0.91953125 0.8875 0.0953125 0.065625