0 0.296875 0.2296875 0.125 0.11875
0 0.4078125 0.203125 0.15 0.096875
3 0.2828125 0.0578125 0.071875 0.0625
3 0.46484375 0.0296875 0.0421875 0.059375
8 0.95390625 0.28515625 0.0921875 0.5296875
3 0.9765625 0.3859375 0.046875 0.071875
8 0.12734375 0.65390625 0.2546875 0.2078125
0 0.06015625 0.734375 0.08125 0.0484375
3 0.21015625 0.565625 0.0609375 0.03125
3 0.01328125 0.56796875 0.0265625 0.0359375
0 0.1875 0.72734375 0.0875 0.0578125
10 0.7703125 0.7796875 0.20625 0.175
5 0.75078125 0.61953125 0.1171875 0.0515625
3 0.675 0.89140625 0.053125 0.0484375
3 0.87734375 0.8859375 0.0546875 0.05625
2 0.75546875 0.64921875 0.0828125 0.0203125