10 0.33671875 0.0265625 0.2265625 0.053125
0 0.4078125 0.2421875 0.084375 0.121875
0 0.31171875 0.27109375 0.1453125 0.1328125
3 0.29921875 0.08984375 0.0765625 0.0640625
3 0.60390625 0.340625 0.3078125 0.396875
8 0.14140625 0.6859375 0.2828125 0.29375
0 0.1734375 0.77578125 0.1078125 0.0625
0 0.0375 0.7796875 0.075 0.05625
3 0.0078125 0.575 0.015625 0.06875
3 0.2328125 0.57109375 0.059375 0.0640625
10 0.68203125 0.63203125 0.2390625 0.1859375
0 0.6671875 0.934375 0.15 0.13125
0 0.7796875 0.90625 0.171875 0.109375
3 0.653125 0.7609375 0.084375 0.0625
3 0.81875 0.72890625 0.065625 0.0703125