10 0.39296875 0.1484375 0.0921875 0.1875
5 0.40234375 0.015625 0.0734375 0.03125
8 0.365625 0.23125 0.146875 0.4625
0 0.403125 0.43984375 0.071875 0.0515625
3 0.34921875 0.26484375 0.0609375 0.0546875
7 0.415625 0.04453125 0.046875 0.0296875
0 0.896875 0.33125 0.19375 0.146875
0 0.85625 0.26640625 0.2 0.1421875
3 0.86875 0.10390625 0.084375 0.0796875
10 0.2296875 0.7078125 0.25625 0.221875
0 0.1734375 0.9828125 0.11875 0.034375
0 0.309375 0.975 0.140625 0.05
5 0.21015625 0.50625 0.1515625 0.071875
2 0.23671875 0.54609375 0.1109375 0.0234375
3 0.1453125 0.85546875 0.071875 0.0515625
3 0.36796875 0.8265625 0.0453125 0.0625
10 0.89296875 0.77265625 0.2140625 0.2296875
3 0.790625 0.9140625 0.0875 0.0734375
5 0.8859375 0.5875 0.165625 0.0828125
8 0.85546875 0.77109375 0.2890625 0.4578125
7 0.909375 0.64296875 0.09375 0.040625