0 0.16484375 0.0359375 0.103125 0.059375
0 0.2359375 0.05390625 0.1109375 0.0640625
8 0.20234375 0.0453125 0.2046875 0.090625
10 0.74609375 0.29921875 0.1765625 0.3015625
5 0.7484375 0.02890625 0.0875 0.0578125
8 0.740625 0.225 0.31875 0.45
0 0.2 0.50546875 0.0625 0.0703125
0 0.29765625 0.51015625 0.0671875 0.0671875
10 0.93828125 0.603125 0.1234375 0.18125
5 0.96328125 0.471875 0.0734375 0.04375
8 0.91328125 0.6921875 0.1734375 0.484375
3 0.8671875 0.70390625 0.065625 0.0625
0 0.98046875 0.896875 0.0390625 0.05625
0 0.89375 0.84765625 0.071875 0.0578125