0 0.1015625 0.1296875 0.059375 0.090625
0 0.146875 0.1109375 0.053125 0.075
3 0.22578125 0.01015625 0.0421875 0.0203125
3 0.028125 0.009375 0.046875 0.01875
0 0.77109375 0.11640625 0.10625 0.1109375
0 0.6984375 0.159375 0.0953125 0.11875
8 0.7265625 0.1140625 0.35625 0.228125
10 0.24453125 0.5265625 0.23125 0.2140625
5 0.228125 0.3609375 0.15 0.04375
8 0.24375 0.62578125 0.3625 0.5734375
7 0.2359375 0.4 0.1015625 0.04375
3 0.12890625 0.65859375 0.08125 0.0640625
3 0.3796875 0.646875 0.06875 0.0640625
0 0.1921875 0.859375 0.08125 0.0671875
0 0.3359375 0.85078125 0.115625 0.05625
10 0.53359375 0.52578125 0.0890625 0.1359375
0 0.56640625 0.73671875 0.1109375 0.0734375
5 0.53203125 0.39375 0.0859375 0.04375
3 0.56953125 0.62265625 0.0546875 0.0515625
2 0.52265625 0.42109375 0.0671875 0.0109375