8 0.31796875 0.23671875 0.3328125 0.3046875
10 0.325 0.30546875 0.253125 0.1671875
5 0.31484375 0.125 0.153125 0.06875
7 0.33671875 0.19296875 0.1015625 0.0453125
5 0.9078125 0.01875 0.184375 0.0375
10 0.934375 0.19140625 0.13125 0.2328125
8 0.884375 0.19453125 0.23125 0.3890625
3 0.91875 0.3375 0.0859375 0.0703125
7 0.95625 0.0484375 0.0875 0.04375
10 0.21796875 0.50390625 0.2109375 0.228125
8 0.2078125 0.69453125 0.340625 0.6109375
3 0.1328125 0.6515625 0.0921875 0.071875
3 0.35703125 0.625 0.059375 0.071875
0 0.175 0.87578125 0.115625 0.065625
0 0.29765625 0.85234375 0.1515625 0.0640625
3 0.78359375 0.63515625 0.3078125 0.4921875