10 0.13046875 0.0609375 0.2609375 0.121875
0 0.21015625 0.3578125 0.175 0.146875
0 0.0546875 0.38828125 0.109375 0.1734375
8 0.16953125 0.24765625 0.3390625 0.4953125
10 0.884375 0.35078125 0.23125 0.1984375
5 0.8640625 0.17421875 0.14375 0.0609375
2 0.88125 0.203125 0.1 0.025
3 0.75859375 0.48984375 0.0671875 0.0578125
10 0.20546875 0.59296875 0.2453125 0.0484375
0 0.10390625 0.8015625 0.084375 0.09375
0 0.25078125 0.86171875 0.0890625 0.1453125
8 0.184375 0.76015625 0.36875 0.3828125
10 0.6046875 0.79296875 0.184375 0.1578125
0 0.57578125 0.98515625 0.0609375 0.0296875
5 0.60546875 0.653125 0.1234375 0.0484375
8 0.615625 0.8109375 0.265625 0.378125