10 0.3703125 0.18203125 0.2015625 0.1828125
8 0.36796875 0.24921875 0.3140625 0.4984375
5 0.3359375 0.025 0.128125 0.05
3 0.4859375 0.2828125 0.0609375 0.0609375
3 0.27578125 0.2921875 0.05625 0.053125
0 0.35234375 0.46484375 0.0890625 0.05
0 0.4796875 0.46796875 0.08125 0.04375
7 0.3453125 0.07578125 0.0734375 0.025
3 0.75 0.346875 0.3625 0.525
0 0.3546875 0.98046875 0.159375 0.0390625
0 0.39375 0.8046875 0.35 0.390625
10 0.6328125 0.7828125 0.128125 0.221875
2 0.603125 0.61875 0.06875 0.01875
3 0.71171875 0.890625 0.0390625 0.065625