10 0.31875 0.08359375 0.246875 0.1671875
0 0.421875 0.390625 0.090625 0.15
0 0.28828125 0.3640625 0.1421875 0.128125
3 0.203125 0.18125 0.059375 0.05625
3 0.43203125 0.1984375 0.0828125 0.06875
3 0.6859375 0.40390625 0.371875 0.4109375
10 0.3546875 0.875 0.290625 0.25
8 0.3296875 0.8046875 0.340625 0.390625
10 0.6328125 0.6609375 0.190625 0.103125
0 0.67421875 0.8828125 0.0671875 0.096875
0 0.55703125 0.88125 0.0703125 0.096875
3 0.5234375 0.73671875 0.046875 0.0390625
3 0.73515625 0.7359375 0.0515625 0.046875