10 0.22578125 0.0921875 0.2640625 0.184375
0 0.290625 0.43046875 0.125 0.1453125
0 0.1390625 0.365625 0.084375 0.1125
3 0.10078125 0.22578125 0.0796875 0.0609375
3 0.346875 0.1953125 0.034375 0.053125
10 0.6171875 0.1109375 0.171875 0.15625
0 0.6484375 0.340625 0.109375 0.0875
0 0.5515625 0.33671875 0.059375 0.0828125
2 0.65390625 0.00703125 0.0765625 0.0140625
3 0.5203125 0.20859375 0.040625 0.0421875
3 0.75078125 0.20234375 0.0328125 0.0484375
10 0.0265625 0.6046875 0.053125 0.15
8 0.05625 0.7140625 0.1125 0.36875
10 0.6875 0.69765625 0.153125 0.1515625
0 0.65 0.92265625 0.078125 0.0890625
0 0.734375 0.9046875 0.05625 0.071875
5 0.68515625 0.56484375 0.1203125 0.0484375
3 0.76015625 0.7890625 0.0578125 0.05
3 0.61875 0.78671875 0.046875 0.0390625
2 0.66015625 0.58984375 0.0703125 0.0140625