10 0.36640625 0.178125 0.275 0.29375
8 0.33828125 0.2296875 0.4890625 0.459375
10 0.8875 0.13125 0.15 0.140625
0 0.8265625 0.31796875 0.078125 0.0703125
0 0.92109375 0.346875 0.0609375 0.08125
5 0.8890625 0.01171875 0.10625 0.0234375
3 0.7890625 0.2125 0.034375 0.04375
3 0.97734375 0.221875 0.0453125 0.046875
2 0.86875 0.02890625 0.0625 0.0203125
10 0.3625 0.4828125 0.253125 0.046875
0 0.50234375 0.71796875 0.109375 0.1203125
0 0.3609375 0.69921875 0.0859375 0.1296875
8 0.3828125 0.62265625 0.40625 0.3265625
10 0.94453125 0.6640625 0.1109375 0.1875
0 0.9609375 0.953125 0.078125 0.09375
0 0.99140625 0.91328125 0.0171875 0.0921875
5 0.95859375 0.4921875 0.0828125 0.0625
8 0.91171875 0.7296875 0.1765625 0.540625