0 0.4625 0.16015625 0.05625 0.0828125
0 0.509375 0.14453125 0.0390625 0.0703125
8 0.453125 0.10546875 0.19375 0.2109375
0 0.7578125 0.03984375 0.059375 0.0796875
0 0.803125 0.0265625 0.053125 0.053125
10 0.3046875 0.65234375 0.15 0.1453125
0 0.25234375 0.87265625 0.0890625 0.0828125
0 0.3390625 0.8625 0.059375 0.075
5 0.30625 0.521875 0.109375 0.04375
3 0.21953125 0.740625 0.0328125 0.040625
3 0.38046875 0.7421875 0.0453125 0.04375
2 0.278125 0.546875 0.059375 0.015625
10 0.6890625 0.659375 0.178125 0.140625
0 0.65859375 0.86484375 0.0609375 0.0828125
0 0.7578125 0.8671875 0.075 0.08125
5 0.678125 0.53125 0.090625 0.0375
3 0.60546875 0.75390625 0.0546875 0.0546875
3 0.803125 0.74140625 0.040625 0.0484375
2 0.67734375 0.55390625 0.0765625 0.0171875