10 0.09140625 0.10078125 0.1828125 0.2015625
0 0.15625 0.4203125 0.184375 0.125
3 0.08515625 0.2484375 0.1203125 0.078125
10 0.70390625 0.26484375 0.2421875 0.2609375
0 0.6171875 0.6203125 0.1875 0.0375
0 0.8 0.5921875 0.171875 0.09375
5 0.68046875 0.0328125 0.2078125 0.065625
2 0.6390625 0.0734375 0.1 0.034375
3 0.7234375 0.4546875 0.1 0.0875
8 0.165625 0.8578125 0.33125 0.284375
10 0.76171875 0.66171875 0.2390625 0.0453125
0 0.803125 0.85234375 0.10625 0.1109375
0 0.73046875 0.8953125 0.0953125 0.11875
3 0.63203125 0.72421875 0.0671875 0.0578125
3 0.90859375 0.69453125 0.0390625 0.0578125