8 0.29140625 0.25859375 0.2359375 0.5171875
10 0.315625 0.09140625 0.1875 0.1828125
0 0.35859375 0.43984375 0.1015625 0.1453125
0 0.29375 0.39453125 0.175 0.1234375
10 0.7234375 0.29453125 0.234375 0.2015625
0 0.68828125 0.56640625 0.0921875 0.0671875
0 0.825 0.56796875 0.1 0.0640625
5 0.70625 0.10859375 0.134375 0.059375
8 0.734375 0.33671875 0.35 0.5265625
0 0.0125 0.79140625 0.025 0.0953125
3 0.01015625 0.64453125 0.0203125 0.0546875
10 0.84140625 0.89296875 0.2609375 0.2140625
5 0.8328125 0.68671875 0.171875 0.0640625
2 0.8765625 0.72578125 0.10625 0.0234375
3 0.98125 0.98515625 0.0375 0.0296875