0 0.26796875 0.03125 0.0609375 0.0625
0 0.36953125 0.040625 0.059375 0.08125
0 0.290625 0.046875 0.25625 0.09375
10 0.83828125 0.11875 0.2671875 0.2375
0 0.8265625 0.4515625 0.15 0.034375
0 0.8375 0.4078125 0.025 0.034375
8 0.8109375 0.234375 0.378125 0.46875
10 0.02734375 0.65546875 0.0546875 0.1890625
8 0.07578125 0.734375 0.1515625 0.53125
10 0.74765625 0.58125 0.1359375 0.121875
0 0.7171875 0.7734375 0.053125 0.071875
0 0.7953125 0.7609375 0.053125 0.059375
5 0.74296875 0.48046875 0.0953125 0.0234375
3 0.6640625 0.65703125 0.028125 0.0359375
3 0.85 0.65234375 0.0375 0.0421875
2 0.72890625 0.49375 0.0546875 0.015625