10 0.32109375 0.10234375 0.1390625 0.1328125
0 0.275 0.2828125 0.053125 0.065625
0 0.3390625 0.2984375 0.05625 0.075
2 0.334375 0.00859375 0.059375 0.0140625
3 0.25 0.18125 0.040625 0.034375
3 0.40546875 0.184375 0.0296875 0.040625
10 0.846875 0.30546875 0.1203125 0.1078125
0 0.81640625 0.46171875 0.046875 0.0609375
0 0.88359375 0.46640625 0.059375 0.0640625
5 0.84375 0.21171875 0.075 0.0328125
8 0.8515625 0.346875 0.196875 0.309375
10 0.23671875 0.684375 0.2109375 0.13125
0 0.19375 0.9484375 0.075 0.103125
0 0.2640625 0.90703125 0.071875 0.1046875
3 0.1078125 0.77265625 0.05625 0.0578125
3 0.3953125 0.7734375 0.05 0.065625
0 0.865625 0.79453125 0.196875 0.1265625
0 0.93125 0.75390625 0.128125 0.1140625
3 0.88671875 0.63515625 0.0734375 0.0328125