5 0.0671875 0.05703125 0.134375 0.0953125
10 0.0828125 0.25859375 0.165625 0.2421875
8 0.0984375 0.234375 0.196875 0.46875
3 0.053125 0.41171875 0.0859375 0.071875
7 0.090625 0.11328125 0.075 0.0484375
10 0.96171875 0.09765625 0.0765625 0.1953125
0 0.97265625 0.384375 0.0546875 0.1125
3 0.934375 0.23046875 0.06875 0.0640625
8 0.40859375 0.640625 0.2203125 0.34375
3 0.4765625 0.55234375 0.084375 0.0671875
0 0.44140625 0.77734375 0.1546875 0.0671875
0 0.49609375 0.734375 0.0453125 0.05625
10 0.88515625 0.79140625 0.2109375 0.1890625
5 0.89609375 0.62578125 0.1328125 0.0640625
8 0.85703125 0.796875 0.2859375 0.40625