10 0.234375 0.0203125 0.125 0.040625
0 0.1890625 0.1625 0.046875 0.0625
0 0.1890625 0.1625 0.046875 0.0625
0 0.27109375 0.16171875 0.0609375 0.0703125
3 0.16171875 0.059375 0.0359375 0.034375
3 0.33671875 0.05625 0.0265625 0.0375
10 0.6375 0.159375 0.2671875 0.25
0 0.6359375 0.44375 0.025 0.0125
8 0.7171875 0.225 0.434375 0.45
5 0.3359375 0.64609375 0.1171875 0.0515625
8 0.34765625 0.81328125 0.2515625 0.3734375
10 0.54765625 0.575 0.0953125 0.11875
0 0.51796875 0.7609375 0.0359375 0.071875
0 0.5421875 0.7421875 0.046875 0.059375
5 0.53203125 0.471875 0.0640625 0.04375
3 0.61875 0.65 0.03125 0.04375
2 0.5265625 0.49296875 0.053125 0.0109375