10 0.17265625 0.05625 0.1828125 0.1125
8 0.1625 0.1875 0.3 0.375
0 0.2203125 0.33203125 0.0953125 0.05625
3 0.06328125 0.140625 0.0578125 0.059375
3 0.2875 0.1296875 0.0375 0.0609375
0 0.10703125 0.2765625 0.0921875 0.0484375
8 0.64296875 0.13671875 0.2828125 0.2734375
3 0.534375 0.0140625 0.065625 0.028125
0 0.5875 0.16875 0.0890625 0.053125
0 0.6640625 0.16015625 0.1203125 0.0453125
10 0.65546875 0.54453125 0.1640625 0.0890625
0 0.62890625 0.9546875 0.0671875 0.084375
0 0.70546875 0.9578125 0.0640625 0.06875
8 0.70390625 0.75 0.5890625 0.5