10 0.175 0.25 0.35 0.321875
8 0.1875 0.2546875 0.375 0.509375
10 0.76328125 0.1890625 0.3265625 0.321875
8 0.8 0.2546875 0.4 0.509375
10 0.36484375 0.78046875 0.1953125 0.1671875
0 0.2890625 0.98515625 0.0625 0.0296875
5 0.37734375 0.62890625 0.1140625 0.0484375
3 0.26484375 0.8890625 0.0484375 0.05
3 0.4921875 0.88046875 0.046875 0.0515625
2 0.37890625 0.66171875 0.0953125 0.0171875
10 0.64765625 0.68203125 0.0953125 0.2078125
0 0.6515625 0.97890625 0.1 0.0421875
2 0.61953125 0.54140625 0.0390625 0.0203125
3 0.72265625 0.8125 0.0484375 0.065625