10 0.3078125 0.34921875 0.2953125 0.2953125
5 0.2640625 0.08125 0.2046875 0.0890625
8 0.29765625 0.3078125 0.4796875 0.5625
8 0.6109375 0.23671875 0.121875 0.4734375
10 0.59140625 0.0828125 0.0828125 0.165625
0 0.5796875 0.4 0.059375 0.125
0 0.6 0.35703125 0.1 0.1078125
0 0.065625 0.809375 0.13125 0.125
0 0.10625 0.76640625 0.13125 0.1078125
2 0.0703125 0.62421875 0.065625 0.0546875
0 0.6578125 0.73671875 0.059375 0.0796875
0 0.56953125 0.73359375 0.0390625 0.0796875
3 0.71484375 0.6140625 0.0390625 0.04375