10 0.36875 0.11484375 0.18125 0.1609375
0 0.32109375 0.334375 0.0609375 0.078125
0 0.4125 0.365625 0.071875 0.103125
3 0.2625 0.21796875 0.046875 0.0484375
3 0.47734375 0.2140625 0.0453125 0.05
2 0.37421875 0.003125 0.0796875 0.00625
10 0.66796875 0.23515625 0.1765625 0.3046875
8 0.6953125 0.21953125 0.253125 0.4390625
0 0.31484375 0.61953125 0.0953125 0.1109375
0 0.38984375 0.5703125 0.0890625 0.10625
3 0.24453125 0.46328125 0.0609375 0.0484375
3 0.49140625 0.45078125 0.0359375 0.0234375
0 0.63359375 0.7375 0.1296875 0.13125
0 0.68671875 0.7 0.1390625 0.109375
3 0.6234375 0.55703125 0.065625 0.0640625