10 0.35703125 0.2203125 0.2828125 0.246875
0 0.43515625 0.53125 0.1140625 0.05625
0 0.2796875 0.53359375 0.10625 0.0515625
5 0.3625 0.0109375 0.159375 0.021875
8 0.35546875 0.2796875 0.4046875 0.559375
10 0.96953125 0.0765625 0.0609375 0.153125
0 0.975 0.2953125 0.05 0.08125
8 0.93046875 0.19375 0.1390625 0.3875
0 0.090625 0.69921875 0.18125 0.1140625
0 0.2453125 0.7515625 0.18125 0.1125
3 0.196875 0.58828125 0.084375 0.0578125
10 0.96796875 0.72890625 0.0640625 0.1453125
0 0.95703125 0.94921875 0.0859375 0.0828125
5 0.97890625 0.5984375 0.0421875 0.04375
3 0.92578125 0.8171875 0.0328125 0.040625
2 0.97734375 0.6234375 0.0453125 0.015625