10 0.3 0.0421875 0.21875 0.084375
0 0.36015625 0.32578125 0.0984375 0.1484375
0 0.2171875 0.275 0.071875 0.096875
3 0.18984375 0.11796875 0.0796875 0.0640625
10 0.59921875 0.03984375 0.1484375 0.0796875
8 0.59453125 0.1859375 0.2453125 0.371875
0 0.5421875 0.2484375 0.1015625 0.040625
0 0.621875 0.2453125 0.0734375 0.0578125
3 0.6953125 0.0984375 0.053125 0.05
0 0.09921875 0.82578125 0.1140625 0.1484375
0 0.26015625 0.8734375 0.1421875 0.171875
10 0.66328125 0.9453125 0.1953125 0.109375
5 0.6828125 0.82890625 0.1203125 0.06875
8 0.659375 0.8921875 0.35625 0.215625