10 0.23203125 0.17109375 0.1171875 0.1359375
0 0.17421875 0.3796875 0.0890625 0.078125
0 0.27890625 0.38203125 0.1109375 0.0734375
5 0.23671875 0.0390625 0.1015625 0.04375
3 0.16953125 0.253125 0.0328125 0.0375
3 0.28203125 0.26796875 0.0546875 0.0515625
2 0.22734375 0.06640625 0.0828125 0.0109375
10 0.61953125 0.0375 0.2609375 0.075
0 0.70859375 0.3109375 0.10625 0.146875
0 0.5421875 0.31328125 0.0953125 0.1453125
8 0.65 0.2 0.321875 0.4
10 0.409375 0.75546875 0.159375 0.2703125
5 0.43515625 0.5359375 0.1078125 0.034375
8 0.37421875 0.759375 0.2296875 0.48125
10 0.90625 0.790625 0.171875 0.15625
0 0.9375 0.98828125 0.109375 0.0234375
0 0.840625 0.9875 0.059375 0.025
5 0.93125 0.6609375 0.1125 0.046875
3 0.80546875 0.890625 0.0515625 0.040625
2 0.93671875 0.68671875 0.0890625 0.0171875