10 0.328125 0.0390625 0.153125 0.078125
0 0.290625 0.22734375 0.078125 0.0890625
0 0.37421875 0.209375 0.05625 0.071875
8 0.33984375 0.1390625 0.2265625 0.278125
10 0.8203125 0.10390625 0.334375 0.2078125
0 0.8625 0.4796875 0.184375 0.140625
0 0.66875 0.4625 0.103125 0.134375
3 0.6203125 0.25859375 0.096875 0.0890625
10 0.12265625 0.8375 0.2453125 0.25
5 0.11640625 0.60859375 0.1765625 0.0765625
3 0.35234375 0.959375 0.0734375 0.08125
2 0.15 0.65390625 0.10625 0.0328125
0 0.690625 0.7984375 0.096875 0.153125
0 0.5515625 0.784375 0.084375 0.146875
8 0.6640625 0.72109375 0.309375 0.3421875