10 0.2046875 0.13984375 0.2265625 0.2109375
8 0.17109375 0.26328125 0.2953125 0.5265625
0 0.27734375 0.46484375 0.0828125 0.0640625
0 0.153125 0.4765625 0.0984375 0.0640625
3 0.0953125 0.271875 0.0796875 0.06875
7 0.2 0.01875 0.1 0.0375
10 0.8515625 0.08671875 0.15 0.1453125
0 0.79921875 0.30703125 0.0890625 0.0828125
0 0.8859375 0.296875 0.059375 0.075
3 0.76640625 0.175 0.0328125 0.040625
3 0.92734375 0.1765625 0.0453125 0.04375
10 0.63671875 0.62734375 0.1953125 0.1359375
0 0.63515625 0.953125 0.2078125 0.09375
0 0.6015625 0.91171875 0.175 0.1265625
3 0.46875 0.7 0.065625 0.065625
3 0.753125 0.740625 0.115625 0.0875