10 0.2921875 0.26796875 0.15 0.1484375
0 0.3671875 0.490625 0.10625 0.078125
0 0.24140625 0.471875 0.0609375 0.075
5 0.29375 0.13515625 0.10625 0.0453125
2 0.29609375 0.159375 0.0640625 0.015625
3 0.39140625 0.34765625 0.0328125 0.0453125
3 0.22109375 0.35859375 0.0484375 0.0390625
10 0.79921875 0.24140625 0.1890625 0.1796875
0 0.765625 0.503125 0.071875 0.071875
0 0.82421875 0.48984375 0.05625 0.0859375
5 0.803125 0.07265625 0.128125 0.05625
8 0.803125 0.2921875 0.325 0.49375
10 0.3546875 0.5828125 0.159375 0.0875
0 0.3171875 0.7625 0.059375 0.08125
0 0.41015625 0.76875 0.0671875 0.078125
5 0.36484375 0.67421875 0.2734375 0.2703125
3 0.465625 0.6390625 0.0375 0.046875
3 0.271875 0.646875 0.040625 0.046875
0 0.94296875 0.72265625 0.109375 0.1203125
0 0.8015625 0.70390625 0.0859375 0.1296875
8 0.81015625 0.66484375 0.3796875 0.2515625