10 0.32421875 0.12109375 0.1859375 0.1671875
0 0.2375 0.3484375 0.05625 0.08125
0 0.36484375 0.38203125 0.0828125 0.1109375
5 0.33671875 0.0078125 0.1203125 0.015625
3 0.21953125 0.2328125 0.0546875 0.05
3 0.425 0.2265625 0.04375 0.046875
2 0.35078125 0.01875 0.0703125 0.0125
10 0.5421875 0.05078125 0.084375 0.1015625
8 0.584375 0.1953125 0.16875 0.390625
0 0.55390625 0.27734375 0.1078125 0.0453125
8 0.07578125 0.815625 0.1515625 0.23125
0 0.05078125 0.85546875 0.1015625 0.1265625
0 0.06875 0.81484375 0.128125 0.1140625
10 0.65703125 0.7625 0.1421875 0.125
0 0.6359375 0.95390625 0.0625 0.0703125
0 0.73359375 0.95859375 0.0671875 0.0671875
3 0.56640625 0.8375 0.0328125 0.040625
3 0.75 0.840625 0.0375 0.04375