10 0.28984375 0.2421875 0.1390625 0.128125
0 0.32265625 0.4359375 0.0671875 0.071875
0 0.25546875 0.421875 0.0421875 0.059375
5 0.28828125 0.12890625 0.0890625 0.0359375
3 0.22265625 0.321875 0.0421875 0.0375
3 0.378125 0.31953125 0.025 0.0421875
2 0.2984375 0.1484375 0.059375 0.015625
10 0.840625 0.228125 0.1125 0.09375
0 0.8578125 0.37578125 0.05 0.0578125
0 0.784375 0.365625 0.0359375 0.046875
5 0.8421875 0.14140625 0.065625 0.0296875
8 0.84375 0.27109375 0.175 0.2796875
10 0.203125 0.7390625 0.15 0.140625
0 0.1703125 0.94921875 0.05625 0.0828125
0 0.2171875 0.93359375 0.0390625 0.0703125
5 0.20234375 0.61171875 0.0890625 0.0328125
8 0.20078125 0.79453125 0.2734375 0.4109375
8 0.73984375 0.784375 0.5203125 0.43125