10 0.240625 0.07109375 0.2 0.1421875
8 0.24453125 0.1875 0.3484375 0.375
0 0.16953125 0.3515625 0.0796875 0.059375
0 0.271875 0.3296875 0.1109375 0.046875
3 0.11484375 0.159375 0.059375 0.0640625
3 0.396875 0.13984375 0.0609375 0.06875
10 0.88046875 0.140625 0.2390625 0.28125
0 0.82109375 0.51015625 0.153125 0.1390625
0 0.9609375 0.5359375 0.078125 0.146875
8 0.853125 0.3046875 0.29375 0.609375
10 0.440625 0.83984375 0.1 0.0890625
0 0.4140625 0.975 0.046875 0.05
0 0.471875 0.97421875 0.053125 0.0515625
5 0.43359375 0.759375 0.0640625 0.03125
3 0.3859375 0.89609375 0.028125 0.0265625
3 0.49921875 0.89140625 0.0203125 0.0265625
2 0.43828125 0.77578125 0.0421875 0.0109375
0 0.57734375 0.69453125 0.0359375 0.0796875
0 0.653125 0.72421875 0.071875 0.0953125