10 0.1671875 0.20234375 0.253125 0.2359375
5 0.1796875 0.0125 0.171875 0.025
8 0.2078125 0.225 0.415625 0.45
0 0.88046875 0.215625 0.071875 0.115625
0 0.984375 0.28515625 0.03125 0.1453125
8 0.88359375 0.18359375 0.2328125 0.3671875
10 0.1640625 0.6953125 0.140625 0.128125
0 0.17421875 0.890625 0.0671875 0.078125
0 0.1078125 0.88046875 0.05 0.0671875
5 0.18046875 0.57890625 0.0859375 0.0328125
3 0.09296875 0.77265625 0.0421875 0.0453125
3 0.25078125 0.7734375 0.0328125 0.04375
2 0.1875 0.60078125 0.05625 0.0171875
10 0.7296875 0.62578125 0.240625 0.2734375
0 0.65703125 0.9703125 0.0953125 0.059375
0 0.81171875 0.96171875 0.1671875 0.0765625
8 0.77734375 0.725 0.3359375 0.55