10 0.0875 0.065625 0.175 0.13125
0 0.13125 0.37421875 0.1 0.1421875
0 0.01640625 0.3171875 0.0328125 0.1125
3 0.2046875 0.15859375 0.05 0.0765625
10 0.72890625 0.12265625 0.1890625 0.1671875
0 0.765625 0.38828125 0.071875 0.1140625
0 0.65 0.35390625 0.059375 0.0765625
5 0.7484375 0.00859375 0.11875 0.0171875
8 0.72734375 0.23203125 0.3265625 0.4640625
10 0.3890625 0.61484375 0.259375 0.1296875
0 0.43515625 0.93125 0.1671875 0.1375
0 0.2328125 0.9328125 0.109375 0.134375
3 0.20234375 0.72421875 0.1046875 0.0890625