10 0.37265625 0.21796875 0.2203125 0.1859375
5 0.34921875 0.0453125 0.1203125 0.053125
3 0.275 0.3375 0.05625 0.05
3 0.496875 0.328125 0.059375 0.05625
2 0.3515625 0.078125 0.1 0.01875
10 0.3515625 0.66875 0.209375 0.171875
0 0.33515625 0.92421875 0.0703125 0.0921875
0 0.4484375 0.92109375 0.090625 0.0921875
5 0.325 0.51171875 0.115625 0.0515625
3 0.2640625 0.78203125 0.059375 0.0546875
3 0.4734375 0.76796875 0.071875 0.0515625
2 0.3203125 0.5421875 0.115625 0.021875
8 0.728125 0.6890625 0.096875 0.521875
3 0.734375 0.71953125 0.0703125 0.0625
0 0.71875 0.90390625 0.078125 0.0546875