10 0.20859375 0.18671875 0.1859375 0.1671875
0 0.12109375 0.4140625 0.05625 0.08125
0 0.2484375 0.44765625 0.0828125 0.1109375
5 0.22109375 0.0484375 0.1203125 0.0640625
8 0.203125 0.26640625 0.2828125 0.496875
10 0.56640625 0.06953125 0.0953125 0.1390625
0 0.6140625 0.2875 0.10625 0.078125
3 0.63828125 0.14453125 0.0328125 0.0453125
10 0.11875 0.78984375 0.2375 0.2453125
8 0.1296875 0.81953125 0.259375 0.3609375
3 0.13203125 0.94921875 0.0859375 0.0671875
7 0.1578125 0.65234375 0.075 0.0265625
10 0.6171875 0.74765625 0.196875 0.1984375
0 0.6375 0.9796875 0.10625 0.040625
3 0.74375 0.85625 0.04375 0.05625