10 0.4390625 0.2296875 0.240625 0.26875
0 0.4015625 0.565625 0.096875 0.046875
5 0.4359375 0.009375 0.2 0.01875
8 0.38984375 0.29453125 0.3390625 0.5890625
10 0.92734375 0.2875 0.1453125 0.184375
8 0.8921875 0.3515625 0.215625 0.475
3 0.834375 0.3984375 0.0640625 0.0625
0 0.96171875 0.57421875 0.0765625 0.0296875
5 0.94921875 0.14296875 0.1015625 0.0671875
0 0.8625 0.54375 0.08125 0.0640625
7 0.9671875 0.19140625 0.0640625 0.025
10 0.384375 0.89765625 0.234375 0.2046875
5 0.4015625 0.7046875 0.146875 0.071875
2 0.40234375 0.746875 0.0984375 0.025