10 0.228125 0.1375 0.24375 0.2453125
8 0.22265625 0.2796875 0.2984375 0.559375
3 0.24453125 0.29609375 0.0859375 0.0671875
7 0.2703125 0.00625 0.075 0.0125
0 0.23203125 0.5203125 0.1921875 0.0671875
0 0.315625 0.475 0.1484375 0.0578125
8 0.87578125 0.05859375 0.2484375 0.1171875
0 0.8546875 0.084375 0.0734375 0.0421875
0 0.94765625 0.09375 0.09375 0.040625
10 0.33125 0.68046875 0.38125 0.2421875
0 0.46484375 0.98515625 0.1890625 0.0296875
8 0.3515625 0.7796875 0.415625 0.440625
0 0.93125 0.67265625 0.059375 0.0796875
0 0.834375 0.66953125 0.05625 0.0796875
3 0.8015625 0.5671875 0.040625 0.015625
3 0.98359375 0.56640625 0.0328125 0.0140625