10 0.4140625 0.1171875 0.290625 0.234375
0 0.31484375 0.459375 0.1203125 0.14375
0 0.49375 0.50546875 0.109375 0.1703125
3 0.38046875 0.10703125 0.1734375 0.0578125
3 0.4296875 0.17578125 0.146875 0.0578125
10 0.89921875 0.1390625 0.2015625 0.259375
0 0.8140625 0.45859375 0.184375 0.1109375
0 0.94140625 0.503125 0.1171875 0.11875
3 0.91015625 0.321875 0.0859375 0.071875
10 0.25625 0.93046875 0.18125 0.1390625
5 0.24375 0.7953125 0.115625 0.053125
2 0.2265625 0.82734375 0.078125 0.0140625
0 0.5890625 0.89296875 0.059375 0.1234375
0 0.6140625 0.83828125 0.059375 0.0921875
8 0.684375 0.82421875 0.25 0.2890625