0 0.03984375 0.26875 0.0796875 0.115625
3 0.05859375 0.09375 0.0671875 0.0625
10 0.6125 0.203125 0.25 0.225
0 0.578125 0.48046875 0.13125 0.0390625
5 0.59921875 0.0078125 0.1796875 0.015625
3 0.7234375 0.35703125 0.084375 0.0953125
3 0.496875 0.334375 0.0625 0.071875
2 0.56875 0.0265625 0.11875 0.025
10 0.1640625 0.8640625 0.29375 0.271875
5 0.14453125 0.5984375 0.2203125 0.08125
2 0.109375 0.64765625 0.146875 0.0296875
5 0.90859375 0.53203125 0.1828125 0.0640625
10 0.86015625 0.81796875 0.2796875 0.3640625
0 0.8265625 0.75 0.346875 0.5
7 0.934375 0.61328125 0.13125 0.0734375