0 0.45 0.17734375 0.08125 0.1078125
0 0.5609375 0.18203125 0.096875 0.1078125
8 0.48046875 0.12421875 0.2984375 0.2484375
10 0.05 0.40546875 0.1 0.1359375
0 0.015625 0.60859375 0.03125 0.0765625
0 0.0921875 0.6125 0.06875 0.078125
3 0.12578125 0.4859375 0.0390625 0.046875
10 0.9265625 0.63984375 0.146875 0.1640625
0 0.875 0.8578125 0.06875 0.075
0 0.971875 0.88984375 0.05625 0.1046875
5 0.95078125 0.490625 0.0984375 0.046875
2 0.95703125 0.51875 0.0734375 0.021875
3 0.8390625 0.74453125 0.05625 0.0484375