10 0.0796875 0.2578125 0.159375 0.26875
5 0.07265625 0.0421875 0.1453125 0.084375
8 0.159375 0.3046875 0.31875 0.609375
7 0.0734375 0.10078125 0.1015625 0.0453125
3 0.26640625 0.40546875 0.090625 0.0875
10 0.87578125 0.0859375 0.2109375 0.171875
0 0.85078125 0.38203125 0.0953125 0.1234375
0 0.89375 0.32734375 0.059375 0.0921875
3 0.75390625 0.203125 0.0546875 0.046875
10 0.36953125 0.87578125 0.1203125 0.2484375
5 0.3640625 0.64296875 0.13125 0.0671875
2 0.3640625 0.6875 0.103125 0.03125
0 0.65625 0.82421875 0.125 0.1453125
0 0.5046875 0.759375 0.084375 0.1125
3 0.46796875 0.6296875 0.0765625 0.040625