10 0.32578125 0.21328125 0.1484375 0.1796875
0 0.3140625 0.49296875 0.071875 0.1078125
0 0.371875 0.46171875 0.05625 0.0859375
5 0.34296875 0.0453125 0.1140625 0.05625
2 0.35703125 0.075 0.0859375 0.025
3 0.23203125 0.328125 0.0546875 0.053125
10 0.8421875 0.18203125 0.225 0.1921875
0 0.815625 0.48671875 0.1 0.1234375
0 0.87734375 0.4359375 0.0828125 0.09375
5 0.828125 0.01484375 0.125 0.0296875
3 0.7234375 0.31015625 0.059375 0.0546875
3 0.99375 0.28671875 0.0125 0.0671875
2 0.84140625 0.03515625 0.0984375 0.0234375
0 0.0703125 0.85703125 0.140625 0.1203125
10 0.7640625 0.7125 0.1109375 0.09375
0 0.78125 0.86015625 0.05 0.0578125
0 0.7078125 0.85 0.0359375 0.046875
5 0.76484375 0.63515625 0.0640625 0.0109375
8 0.7671875 0.7625 0.175 0.265625