10 0.434375 0.08515625 0.253125 0.1703125
0 0.371875 0.38125 0.121875 0.13125
0 0.51953125 0.359375 0.1171875 0.115625
3 0.5765625 0.17890625 0.046875 0.0640625
3 0.35390625 0.20625 0.0734375 0.053125
10 0.88125 0.26484375 0.2375 0.5296875
10 0.73203125 0.31328125 0.0859375 0.4328125
10 0.771875 0.315625 0.165625 0.428125
3 0.1734375 0.73203125 0.346875 0.4046875
3 0.63125 0.83359375 0.115625 0.3328125
10 0.86796875 0.84375 0.2453125 0.221875
5 0.846875 0.63671875 0.153125 0.0671875
2 0.86953125 0.6765625 0.1140625 0.021875
3 0.78203125 0.98046875 0.0765625 0.0390625
3 0.98828125 0.95625 0.0234375 0.065625