10 0.1703125 0.01953125 0.196875 0.0390625
8 0.1671875 0.15078125 0.31875 0.3015625
3 0.04765625 0.05 0.059375 0.059375
3 0.29375 0.04453125 0.0546875 0.0609375
0 0.08515625 0.1875 0.084375 0.0578125
0 0.21875 0.22890625 0.11875 0.0703125
10 0.265625 0.8359375 0.1453125 0.1515625
5 0.26484375 0.7171875 0.1203125 0.05625
8 0.26015625 0.8421875 0.2484375 0.315625
3 0.365625 0.9359375 0.0578125 0.059375
7 0.2421875 0.7546875 0.040625 0.0203125
10 0.83515625 0.69296875 0.1515625 0.1078125
10 0.68359375 0.81953125 0.2015625 0.3609375