10 0.23828125 0.19296875 0.15 0.1484375
5 0.246875 0.078125 0.0953125 0.053125
8 0.23046875 0.28515625 0.26875 0.4828125
3 0.13125 0.27890625 0.046875 0.046875
3 0.3375 0.26875 0.053125 0.04375
10 0.75546875 0.27734375 0.2296875 0.2265625
8 0.73671875 0.35078125 0.3484375 0.5984375
5 0.75078125 0.08828125 0.153125 0.078125
3 0.6390625 0.41640625 0.0890625 0.0828125
0 0.7109375 0.60390625 0.0984375 0.0734375
0 0.86015625 0.63046875 0.1390625 0.0390625
7 0.76796875 0.1421875 0.0890625 0.03125
10 0.3109375 0.90625 0.25625 0.1875
5 0.33828125 0.690625 0.2015625 0.08125
2 0.3484375 0.74140625 0.175 0.0359375
0 0.82578125 0.81953125 0.0953125 0.1234375
0 0.86875 0.76484375 0.059375 0.0921875
8 0.83984375 0.77265625 0.3203125 0.2453125