9 0.37421875 0.27109375 0.3484375 0.5421875
11 0.3484375 0.11484375 0.246875 0.2296875
4 0.23046875 0.2421875 0.0734375 0.08125
4 0.4765625 0.259375 0.109375 0.084375
1 0.32265625 0.4609375 0.1296875 0.08125
1 0.46015625 0.48125 0.109375 0.08125
5 0.65625 0.04609375 0.075 0.0703125
10 0.68203125 0.20234375 0.1265625 0.1859375
8 0.7078125 0.25703125 0.178125 0.5015625
0 0.6296875 0.48671875 0.021875 0.0515625
3 0.75234375 0.30703125 0.0671875 0.0625
0 0.72734375 0.48671875 0.09375 0.0484375
7 0.6453125 0.0921875 0.053125 0.025
3 0.80625 0.89140625 0.375 0.2171875