0 0.184375 0.1421875 0.0890625 0.078125
0 0.28984375 0.14453125 0.1109375 0.0734375
8 0.24296875 0.0921875 0.2234375 0.184375
0 0.8171875 0.10625 0.059375 0.075
0 0.859375 0.0953125 0.040625 0.05
3 0.76953125 0.00859375 0.0328125 0.0171875
3 0.9375 0.00390625 0.028125 0.0078125
10 0.284375 0.89140625 0.175 0.1484375
5 0.28125 0.75390625 0.090625 0.04375
8 0.3046875 0.86640625 0.278125 0.2671875
10 0.65703125 0.84921875 0.1359375 0.1328125
5 0.6453125 0.72109375 0.096875 0.0421875
2 0.6515625 0.7453125 0.08125 0.015625
3 0.7515625 0.93515625 0.0375 0.0453125