10 0.2359375 0.11484375 0.290625 0.2296875
0 0.07109375 0.4578125 0.1421875 0.140625
0 0.2328125 0.45859375 0.159375 0.1390625
3 0.04609375 0.23046875 0.0546875 0.0765625
3 0.37890625 0.2734375 0.1046875 0.08125
10 0.85625 0.3140625 0.146875 0.1375
0 0.88359375 0.525 0.0671875 0.08125
0 0.7859375 0.521875 0.05625 0.08125
5 0.859375 0.18515625 0.084375 0.0359375
3 0.759375 0.40234375 0.04375 0.0453125
3 0.94765625 0.40078125 0.0390625 0.0453125
2 0.86640625 0.21015625 0.0640625 0.0171875
10 0.3421875 0.759375 0.25625 0.259375
8 0.31875 0.81484375 0.353125 0.3703125
10 0.778125 0.90390625 0.234375 0.1921875
5 0.75625 0.70546875 0.2078125 0.0765625
8 0.76640625 0.83515625 0.3921875 0.3296875
7 0.71796875 0.78203125 0.0796875 0.0390625