10 0.2140625 0.2734375 0.153125 0.121875
0 0.1875 0.45703125 0.0609375 0.0734375
0 0.26015625 0.46015625 0.0609375 0.0765625
5 0.21328125 0.171875 0.1015625 0.05625
8 0.20859375 0.32890625 0.2171875 0.378125
10 0.8859375 0.128125 0.228125 0.25625
0 0.90390625 0.515625 0.1703125 0.140625
0 0.8328125 0.465625 0.171875 0.121875
8 0.8578125 0.29375 0.284375 0.5875
10 0.35390625 0.8390625 0.15625 0.1546875
5 0.35234375 0.70703125 0.1046875 0.04375
8 0.35625 0.84375 0.259375 0.3125
3 0.284375 0.93515625 0.0671875 0.040625
3 0.4578125 0.92734375 0.05 0.04375
7 0.36015625 0.75234375 0.05625 0.021875
10 0.72109375 0.67265625 0.1734375 0.1453125
8 0.71640625 0.8 0.2703125 0.4
3 0.63046875 0.7609375 0.065625 0.0609375
0 0.66640625 0.90390625 0.0796875 0.05
0 0.7921875 0.94765625 0.1125 0.0625