10 0.31796875 0.3703125 0.2609375 0.284375
5 0.3390625 0.1234375 0.240625 0.103125
2 0.3953125 0.1703125 0.0875 0.028125
3 0.1640625 0.56875 0.103125 0.071875
3 0.4671875 0.5046875 0.05 0.075
10 0.78359375 0.34296875 0.2953125 0.2796875
0 0.825 0.68203125 0.16875 0.0546875
0 0.646875 0.6921875 0.146875 0.034375
5 0.79375 0.0828125 0.196875 0.090625
2 0.7921875 0.1390625 0.153125 0.025
3 0.60859375 0.49921875 0.0578125 0.0734375
3 0.94453125 0.528125 0.0984375 0.084375
10 0.9046875 0.82890625 0.190625 0.1828125
8 0.87265625 0.8546875 0.2546875 0.290625
3 0.78515625 0.93125 0.059375 0.059375
7 0.9140625 0.72109375 0.075 0.0234375