10 0.340625 0.1671875 0.2375 0.278125
0 0.32265625 0.49609375 0.1171875 0.0671875
8 0.309375 0.26484375 0.3 0.5296875
10 0.92109375 0.0375 0.1453125 0.075
0 0.8609375 0.209375 0.046875 0.075
0 0.92265625 0.20234375 0.0640625 0.0734375
3 0.83671875 0.08671875 0.0421875 0.0390625
3 0.996875 0.08828125 0.00625 0.0421875
0 0.07890625 0.6390625 0.103125 0.059375
0 0.15 0.65703125 0.1109375 0.0640625
8 0.11640625 0.61171875 0.2046875 0.1640625
10 0.7171875 0.784375 0.1109375 0.096875
0 0.7296875 0.9328125 0.046875 0.053125
0 0.675 0.93203125 0.0390625 0.0546875
5 0.721875 0.69765625 0.059375 0.0265625
8 0.7234375 0.82421875 0.1765625 0.28125