8 0.378125 0.29453125 0.221875 0.5890625
10 0.3875 0.2578125 0.203125 0.23125
0 0.403125 0.5640625 0.171875 0.05
0 0.453125 0.546875 0.071875 0.084375
5 0.39375 0.04296875 0.1859375 0.075
8 0.81953125 0.29453125 0.3109375 0.5890625
10 0.79765625 0.2359375 0.246875 0.23125
0 0.80234375 0.55234375 0.1921875 0.0734375
0 0.878125 0.5390625 0.153125 0.1
5 0.7921875 0.03203125 0.184375 0.0640625
10 0.1984375 0.79765625 0.109375 0.0921875
0 0.23828125 0.94140625 0.05625 0.0578125
0 0.16484375 0.92734375 0.0421875 0.0453125
5 0.2015625 0.71484375 0.0625 0.03125
8 0.2 0.83515625 0.1484375 0.2796875
10 0.73046875 0.7421875 0.2828125 0.246875
3 0.6015625 0.90078125 0.078125 0.0734375
3 0.8828125 0.9 0.071875 0.075