10 0.02109375 0.05859375 0.0421875 0.1171875
0 0.00859375 0.25 0.0171875 0.075
3 0.06953125 0.1359375 0.0421875 0.046875
0 0.775 0.06171875 0.05 0.0578125
0 0.7015625 0.0515625 0.0359375 0.046875
8 0.7609375 0.0484375 0.175 0.096875
5 0.375 0.63671875 0.06875 0.08125
5 0.08046875 0.65625 0.08125 0.1046875
10 0.36875 0.83515625 0.121875 0.2109375
10 0.0765625 0.878125 0.153125 0.24375
10 0.92890625 0.621875 0.1390625 0.128125
0 0.96171875 0.815625 0.0671875 0.071875
0 0.89453125 0.8015625 0.0421875 0.059375
5 0.92734375 0.50859375 0.0890625 0.0359375
3 0.86171875 0.7015625 0.0421875 0.0375
2 0.9375 0.528125 0.059375 0.015625