10 0.146875 0.05390625 0.278125 0.1078125
0 0.07578125 0.33515625 0.109375 0.1390625
0 0.234375 0.3375 0.103125 0.15
8 0.1796875 0.20625 0.359375 0.4125
10 0.61015625 0.078125 0.1859375 0.15625
8 0.70546875 0.25 0.4109375 0.5
10 0.471875 0.784375 0.05625 0.1875
5 0.48671875 0.6140625 0.0265625 0.0625
3 0.42734375 0.909375 0.0546875 0.046875
10 0.778125 0.8796875 0.234375 0.215625
5 0.7953125 0.68125 0.146875 0.071875
2 0.79609375 0.7234375 0.0984375 0.025
3 0.93828125 0.9859375 0.0421875 0.028125