10 0.159375 0.15078125 0.215625 0.1765625
0 0.1421875 0.409375 0.078125 0.103125
0 0.26328125 0.4078125 0.0859375 0.1
5 0.128125 0.00859375 0.115625 0.0171875
2 0.13203125 0.02109375 0.0921875 0.0234375
3 0.06953125 0.2640625 0.0578125 0.05
3 0.28046875 0.253125 0.0484375 0.05
3 0.6625 0.3125 0.484375 0.6125
10 0.36171875 0.87265625 0.0953125 0.2265625
5 0.35 0.67890625 0.11875 0.0859375
8 0.31953125 0.81015625 0.1796875 0.3796875
3 0.33671875 0.9890625 0.0953125 0.021875
7 0.38984375 0.73515625 0.0390625 0.0453125
10 0.684375 0.87421875 0.33125 0.2515625
8 0.6890625 0.809375 0.4125 0.38125