10 0.41640625 0.12421875 0.1453125 0.1296875
0 0.3921875 0.31484375 0.059375 0.0671875
0 0.48046875 0.3078125 0.0671875 0.059375
5 0.403125 0.0171875 0.1125 0.034375
3 0.32578125 0.19921875 0.0296875 0.0328125
3 0.50390625 0.203125 0.0421875 0.040625
2 0.38515625 0.0328125 0.0609375 0.015625
10 0.86953125 0.40625 0.2609375 0.225
5 0.85546875 0.17421875 0.20625 0.09375
8 0.86953125 0.32734375 0.2609375 0.3828125
10 0.3734375 0.56875 0.29375 0.1
0 0.315625 0.8765625 0.11875 0.159375
0 0.48203125 0.853125 0.1671875 0.146875
8 0.371875 0.7484375 0.4875 0.459375
8 0.8125 0.759375 0.146875 0.48125