10 0.2453125 0.26015625 0.29375 0.2734375
5 0.1953125 0.02109375 0.196875 0.0421875
8 0.24375 0.275 0.4875 0.55
10 0.80546875 0.378125 0.2609375 0.221875
5 0.8125 0.16640625 0.1375 0.0671875
2 0.82890625 0.20859375 0.1078125 0.0296875
3 0.67421875 0.5203125 0.0796875 0.059375
3 0.95 0.51015625 0.053125 0.0640625
10 0.13125 0.73125 0.2625 0.25625
2 0.1453125 0.5578125 0.128125 0.015625
3 0.3375 0.88046875 0.0625 0.0765625
8 0.83046875 0.775 0.3078125 0.45
10 0.821875 0.7234375 0.246875 0.234375
0 0.896875 0.9890625 0.13125 0.021875