10 0.70390625 0.16328125 0.2390625 0.1984375
5 0.6796875 0.00859375 0.14375 0.0171875
3 0.57421875 0.30390625 0.0734375 0.0578125
3 0.8515625 0.271875 0.04375 0.05625
2 0.6984375 0.01484375 0.103125 0.0234375
10 0.18046875 0.4921875 0.2578125 0.225
0 0.14765625 0.84609375 0.0859375 0.1421875
0 0.271875 0.8421875 0.075 0.14375
8 0.1546875 0.6625 0.309375 0.565625
10 0.5046875 0.5578125 0.171875 0.15625
0 0.5359375 0.7875 0.109375 0.0875
0 0.4390625 0.78359375 0.059375 0.0828125
5 0.5296875 0.428125 0.1125 0.046875
3 0.40390625 0.6578125 0.0515625 0.040625
3 0.63515625 0.6515625 0.0359375 0.046875
2 0.53515625 0.45390625 0.0890625 0.0171875