5 0.4640625 0.14609375 0.14375 0.0265625
0 0.96171875 0.05078125 0.0765625 0.1015625
8 0.93984375 0.06953125 0.1203125 0.1390625
10 0.48828125 0.5328125 0.2109375 0.1875
0 0.46328125 0.83671875 0.0953125 0.1234375
0 0.50625 0.78203125 0.059375 0.0921875
5 0.47890625 0.3625 0.1328125 0.0625
3 0.3703125 0.6546875 0.05625 0.05
2 0.49453125 0.39453125 0.0953125 0.0234375
10 0.94921875 0.33359375 0.1015625 0.1328125
0 0.921875 0.5140625 0.053125 0.065625
0 0.97890625 0.5296875 0.0421875 0.075
5 0.96796875 0.21875 0.0640625 0.0375
2 0.97578125 0.23984375 0.0484375 0.0140625
3 0.896875 0.4125 0.040625 0.034375