10 0.06328125 0.153125 0.1265625 0.121875
0 0.046875 0.30703125 0.05625 0.0234375
0 0.1 0.30703125 0.059375 0.0234375
5 0.05234375 0.05546875 0.0921875 0.0453125
3 0.1359375 0.22109375 0.034375 0.0390625
2 0.05625 0.078125 0.0625 0.009375
10 0.740625 0.2078125 0.271875 0.221875
5 0.734375 0.0125 0.2125 0.025
2 0.71171875 0.0375 0.1453125 0.03125
10 0.378125 0.4984375 0.08125 0.28125
0 0.36171875 0.85625 0.1140625 0.13125
8 0.35546875 0.65859375 0.1265625 0.6796875
10 0.940625 0.33515625 0.11875 0.0328125
0 0.95078125 0.47734375 0.0671875 0.0765625
0 0.884375 0.4765625 0.05 0.071875
8 0.9140625 0.4171875 0.171875 0.196875