10 0.309375 0.2015625 0.08125 0.115625
0 0.3015625 0.38125 0.059375 0.075
0 0.33671875 0.3703125 0.0265625 0.05
5 0.31953125 0.10234375 0.0609375 0.0359375
2 0.3265625 0.11875 0.046875 0.0125
3 0.25390625 0.2734375 0.0328125 0.0375
10 0.565625 0.2359375 0.278125 0.25
5 0.56640625 0.0203125 0.1828125 0.040625
2 0.56796875 0.0453125 0.1421875 0.03125
3 0.4296875 0.3921875 0.084375 0.075
3 0.71328125 0.38984375 0.0734375 0.0734375
0 0.32734375 0.87421875 0.0453125 0.1109375
0 0.7015625 0.66875 0.125 0.084375
0 0.7640625 0.6421875 0.10625 0.090625
3 0.66484375 0.53515625 0.0578125 0.0515625