0 0.24140625 0.153125 0.0609375 0.08125
0 0.1453125 0.1515625 0.059375 0.078125
3 0.0796875 0.0359375 0.040625 0.04375
3 0.28359375 0.028125 0.0421875 0.04375
10 0.9265625 0.2703125 0.146875 0.284375
5 0.9421875 0.0375 0.115625 0.075
8 0.87109375 0.26953125 0.2578125 0.5390625
10 0.32578125 0.784375 0.165625 0.1640625
5 0.346875 0.64921875 0.109375 0.0421875
8 0.334375 0.8125 0.26875 0.375
3 0.23125 0.878125 0.0515625 0.04375
3 0.45078125 0.8734375 0.0484375 0.0578125
7 0.3515625 0.69296875 0.0546875 0.025
10 0.628125 0.67890625 0.096875 0.1484375
0 0.59453125 0.903125 0.0296875 0.0875
0 0.61328125 0.88359375 0.0453125 0.0703125
5 0.60546875 0.5515625 0.0515625 0.025
3 0.7046875 0.76875 0.0375 0.05
2 0.6046875 0.56796875 0.05 0.0171875