8 0.415625 0.2859375 0.26875 0.571875
10 0.43828125 0.10390625 0.2234375 0.2078125
0 0.46328125 0.48125 0.1734375 0.146875
0 0.43203125 0.41796875 0.2 0.1421875
10 0.7703125 0.159375 0.2109375 0.2265625
8 0.75625 0.3296875 0.35 0.659375
3 0.6890625 0.303125 0.0890625 0.0671875
0 0.7296875 0.5296875 0.121875 0.065625
0 0.85390625 0.5046875 0.153125 0.0625
3 0.91171875 0.28515625 0.059375 0.071875
7 0.7765625 0.0265625 0.0921875 0.0359375
3 0.20078125 0.8234375 0.4015625 0.284375
3 0.66328125 0.834375 0.2265625 0.33125