10 0.08203125 0.03828125 0.1640625 0.0765625
0 0.05546875 0.29609375 0.1109375 0.1265625
0 0.13828125 0.26171875 0.1640625 0.1109375
3 0.03203125 0.11640625 0.0640625 0.0578125
3 0.178125 0.071875 0.040625 0.0625
0 0.596875 0.11953125 0.071875 0.0953125
0 0.7125 0.1203125 0.08125 0.103125
10 0.40703125 0.68125 0.1859375 0.203125
0 0.4140625 0.965625 0.1625 0.06875
0 0.475 0.953125 0.05 0.09375
3 0.40859375 0.82109375 0.0765625 0.0515625
10 0.89609375 0.70859375 0.2078125 0.2328125
0 0.8953125 0.98203125 0.1 0.0359375
3 0.80234375 0.85 0.0703125 0.06875