0 0.171875 0.309375 0.109375 0.128125
10 0.22578125 0.04609375 0.2453125 0.0921875
0 0.3 0.28203125 0.16875 0.1234375
3 0.13984375 0.125 0.0765625 0.053125
3 0.35703125 0.09375 0.0453125 0.065625
3 0.8671875 0.37109375 0.265625 0.2359375
10 0.371875 0.5296875 0.2 0.08125
8 0.36875 0.63984375 0.309375 0.3015625
0 0.3359375 0.76875 0.078125 0.0515625
3 0.27265625 0.5921875 0.0578125 0.05
3 0.4765625 0.5859375 0.0703125 0.0515625
0 0.45390625 0.76640625 0.075 0.0546875
3 0.79375 0.83046875 0.328125 0.3390625