10 0.35078125 0.153125 0.2765625 0.3
8 0.3109375 0.2046875 0.35625 0.409375
10 0.70390625 0.35 0.2109375 0.11875
5 0.71484375 0.21953125 0.1328125 0.0640625
2 0.71484375 0.25703125 0.0984375 0.0171875
10 0.03984375 0.58828125 0.0796875 0.2140625
8 0.07265625 0.6921875 0.1453125 0.565625
3 0.1 0.709375 0.06875 0.0640625
0 0.05703125 0.9125 0.1140625 0.05625
10 0.7359375 0.66015625 0.184375 0.1578125
0 0.70859375 0.87734375 0.0609375 0.0796875
0 0.796875 0.90703125 0.071875 0.0953125
5 0.73671875 0.52109375 0.1234375 0.0484375
3 0.6421875 0.76484375 0.053125 0.0453125
3 0.84765625 0.75703125 0.0453125 0.0453125
2 0.7359375 0.54765625 0.090625 0.0140625