0 0.34140625 0.2828125 0.1859375 0.159375
0 0.1828125 0.32265625 0.1421875 0.1640625
8 0.25 0.2078125 0.440625 0.415625
0 0.8640625 0.20703125 0.16875 0.1265625
0 0.6859375 0.24453125 0.146875 0.1609375
3 0.64765625 0.0125 0.0578125 0.025
3 0.9671875 0.0296875 0.065625 0.059375
10 0.47578125 0.59765625 0.1265625 0.2015625
0 0.4921875 0.89921875 0.09375 0.1234375
3 0.41640625 0.74140625 0.0671875 0.0546875
10 0.62265625 0.49140625 0.1328125 0.0453125
0 0.63125 0.625 0.0609375 0.071875
0 0.58671875 0.6328125 0.05 0.06875
8 0.6375 0.56875 0.196875 0.2