10 0.228125 0.03359375 0.234375 0.0671875
0 0.15390625 0.2390625 0.071875 0.115625
0 0.29140625 0.30859375 0.096875 0.1453125
8 0.234375 0.1953125 0.3875 0.390625
10 0.25390625 0.63515625 0.2609375 0.2265625
0 0.2609375 0.95625 0.178125 0.0875
0 0.33828125 0.940625 0.1390625 0.109375
5 0.24921875 0.428125 0.1765625 0.05625
3 0.275 0.79765625 0.065625 0.0640625
2 0.3125 0.46171875 0.06875 0.0265625
10 0.70859375 0.48203125 0.1421875 0.1359375
0 0.65625 0.671875 0.103125 0.059375
0 0.72734375 0.68984375 0.1109375 0.0640625
3 0.684375 0.57890625 0.0625 0.0515625