10 0.57734375 0.0515625 0.2953125 0.103125
0 0.5140625 0.3546875 0.128125 0.128125
0 0.68125 0.3375 0.171875 0.15
8 0.60859375 0.209375 0.3984375 0.41875
5 0.22890625 0.43984375 0.0828125 0.0421875
10 0.25546875 0.6390625 0.1609375 0.25625
8 0.2359375 0.709375 0.34375 0.58125
10 0.6671875 0.64375 0.25625 0.265625
0 0.76875 0.96640625 0.184375 0.0671875
0 0.5109375 0.9546875 0.2 0.090625
5 0.68203125 0.43125 0.1953125 0.025
2 0.6296875 0.44765625 0.1 0.0203125
3 0.69765625 0.8234375 0.1203125 0.078125