10 0.31015625 0.09296875 0.2671875 0.1859375
0 0.2953125 0.428125 0.175 0.134375
0 0.36875 0.384375 0.128125 0.1125
3 0.28359375 0.24765625 0.0890625 0.0703125
3 0.46953125 0.18125 0.0484375 0.06875
10 0.87890625 0.08359375 0.2421875 0.1671875
0 0.8453125 0.43984375 0.171875 0.1609375
3 0.73671875 0.22265625 0.1015625 0.0671875
10 0.47109375 0.63515625 0.0953125 0.1984375
0 0.49140625 0.94296875 0.0546875 0.1140625
3 0.41328125 0.77421875 0.0671875 0.0578125
10 0.61875 0.58125 0.1125 0.09375
0 0.6359375 0.72890625 0.05 0.0578125
0 0.5625 0.71875 0.0359375 0.046875
8 0.621875 0.646875 0.175 0.234375