10 0.3890625 0.17578125 0.08125 0.1203125
0 0.3890625 0.36328125 0.059375 0.0703125
0 0.42265625 0.34765625 0.0140625 0.0671875
5 0.39609375 0.07265625 0.0671875 0.0484375
8 0.36953125 0.2265625 0.1203125 0.353125
8 0.54765625 0.209375 0.2359375 0.41875
10 0.53671875 0.071875 0.2140625 0.14375
3 0.55546875 0.17890625 0.0828125 0.059375
0 0.53203125 0.3984375 0.2046875 0.040625
0 0.5984375 0.3609375 0.1234375 0.046875
0 0.015625 0.8484375 0.03125 0.15
3 0.103125 0.57890625 0.0625 0.0796875
10 0.6734375 0.49921875 0.23125 0.1609375
8 0.671875 0.6625 0.365625 0.4875
3 0.56171875 0.609375 0.0734375 0.0640625
3 0.80859375 0.596875 0.0625 0.075
0 0.62109375 0.8046875 0.09375 0.0703125
0 0.7609375 0.8015625 0.1015625 0.0703125