10 0.0609375 0.03984375 0.121875 0.0796875
0 0.0265625 0.1953125 0.05 0.06875
0 0.1015625 0.2078125 0.059375 0.06875
3 0.1484375 0.09140625 0.028125 0.0421875
3 0.00703125 0.1 0.0140625 0.040625
0 0.73984375 0.1875 0.10625 0.146875
0 0.5796875 0.18984375 0.08125 0.1453125
8 0.690625 0.13828125 0.303125 0.2765625
5 0.0375 0.4578125 0.075 0.115625
5 0.2328125 0.453125 0.090625 0.10625
5 0.5234375 0.46015625 0.03125 0.1046875
5 0.36875 0.57265625 0.11875 0.190625
10 0.0765625 0.653125 0.153125 0.325
10 0.24375 0.6546875 0.1421875 0.246875
10 0.50390625 0.70546875 0.0703125 0.2890625
10 0.39296875 0.8546875 0.2015625 0.290625
10 0.8328125 0.5015625 0.159375 0.1375
0 0.87890625 0.71328125 0.0671875 0.0734375
0 0.80078125 0.7171875 0.0609375 0.078125
3 0.74375 0.5984375 0.04375 0.04375
3 0.925 0.58515625 0.040625 0.0484375