10 0.15 0.39453125 0.271875 0.1703125
5 0.1609375 0.196875 0.2 0.08125
2 0.21171875 0.2484375 0.1109375 0.025
10 0.69375 0.1578125 0.25 0.25625
0 0.628125 0.45 0.134375 0.059375
3 0.66015625 0.321875 0.0953125 0.065625
0 0.025 0.8765625 0.05 0.06875
0 0.06953125 0.8796875 0.0453125 0.075
8 0.08671875 0.70859375 0.1734375 0.4578125
10 0.4703125 0.80390625 0.153125 0.1328125
0 0.421875 0.98515625 0.05 0.0296875
0 0.5203125 0.9890625 0.071875 0.021875
5 0.4671875 0.67578125 0.096875 0.0421875
2 0.47578125 0.6984375 0.0671875 0.015625
3 0.39921875 0.890625 0.0203125 0.04375
3 0.571875 0.8890625 0.0375 0.04375