10 0.203125 0.1375 0.234375 0.215625
0 0.128125 0.4171875 0.071875 0.115625
0 0.265625 0.48671875 0.096875 0.1453125
3 0.0609375 0.28125 0.075 0.06875
3 0.36328125 0.26484375 0.0421875 0.0703125
10 0.88515625 0.31953125 0.2296875 0.2546875
5 0.90859375 0.0796875 0.1828125 0.08125
2 0.940625 0.13125 0.11875 0.021875
3 0.76015625 0.4875 0.0890625 0.06875
10 0.384375 0.93203125 0.190625 0.1359375
5 0.39453125 0.77109375 0.1671875 0.071875
8 0.34453125 0.8671875 0.2703125 0.265625
10 0.67109375 0.91640625 0.2296875 0.1671875
8 0.653125 0.86015625 0.346875 0.2796875
5 0.66640625 0.75703125 0.153125 0.078125
7 0.68359375 0.8109375 0.0890625 0.03125