10 0.18125 0.29140625 0.153125 0.1328125
0 0.1328125 0.496875 0.05 0.078125
0 0.23203125 0.50234375 0.0703125 0.0734375
5 0.178125 0.16328125 0.096875 0.0421875
2 0.184375 0.1875 0.08125 0.015625
3 0.09921875 0.3796875 0.0421875 0.04375
3 0.284375 0.37734375 0.0375 0.0453125
10 0.76015625 0.23515625 0.2640625 0.2171875
0 0.825 0.58984375 0.125 0.1453125
0 0.6734375 0.525 0.084375 0.1125
5 0.7578125 0.03515625 0.153125 0.0703125
2 0.75859375 0.071875 0.1359375 0.01875
3 0.63515625 0.38515625 0.0796875 0.0609375
3 0.88125 0.3546875 0.034375 0.053125
8 0.62421875 0.88984375 0.2453125 0.2203125
0 0.571875 0.971875 0.1015625 0.040625
0 0.6515625 0.96875 0.0734375 0.0578125
3 0.725 0.821875 0.053125 0.05