10 0.36875 0.13046875 0.140625 0.2109375
8 0.328125 0.25625 0.221875 0.5125
3 0.3109375 0.26640625 0.0828125 0.06875
0 0.35703125 0.4609375 0.09375 0.0515625
7 0.4265625 0.0140625 0.025 0.028125
0 0.41875 0.4390625 0.040625 0.0625
0 0.575 0.11640625 0.05625 0.0734375
0 0.628125 0.1109375 0.059375 0.0625
3 0.50859375 0.01875 0.0328125 0.03125
3 0.6640625 0.0125 0.034375 0.025
10 0.01484375 0.8078125 0.0296875 0.11875
0 0.021875 0.9734375 0.04375 0.053125
8 0.0328125 0.84609375 0.065625 0.3078125
10 0.68515625 0.9125 0.1953125 0.165625
5 0.70390625 0.76875 0.1203125 0.06875
2 0.7015625 0.8046875 0.071875 0.015625