10 0.371875 0.175 0.13125 0.121875
0 0.3578125 0.35390625 0.05625 0.0734375
0 0.4109375 0.3484375 0.059375 0.0625
5 0.36328125 0.07734375 0.0921875 0.0453125
3 0.29140625 0.25625 0.0328125 0.03125
3 0.446875 0.24296875 0.034375 0.0390625
2 0.3671875 0.1 0.0625 0.009375
0 0.76015625 0.20546875 0.0640625 0.1046875
3 0.84453125 0.05859375 0.0453125 0.0546875
10 0.48984375 0.8640625 0.2703125 0.25625
5 0.49765625 0.62890625 0.2015625 0.0890625
8 0.47265625 0.79296875 0.4546875 0.4140625
0 0.9546875 0.66796875 0.090625 0.1109375
3 0.88671875 0.52734375 0.0609375 0.0171875