10 0.4234375 0.02109375 0.19375 0.0421875
8 0.41953125 0.12734375 0.3046875 0.2546875
0 0.37734375 0.234375 0.078125 0.0515625
3 0.52734375 0.05390625 0.0671875 0.0625
3 0.32421875 0.05625 0.0546875 0.053125
0 0.50234375 0.23359375 0.09375 0.0484375
3 0.78984375 0.11015625 0.2609375 0.2203125
8 0.30234375 0.675 0.3671875 0.65
10 0.290625 0.61953125 0.246875 0.2421875
0 0.39375 0.94453125 0.090625 0.1109375
0 0.26015625 0.93671875 0.1421875 0.1265625
5 0.278125 0.39765625 0.16875 0.071875
10 0.9453125 0.47890625 0.109375 0.1953125
8 0.91875 0.57890625 0.1625 0.4578125
0 0.96796875 0.78203125 0.0640625 0.0515625
3 0.896875 0.59765625 0.078125 0.0671875
7 0.9640625 0.365625 0.071875 0.028125