10 0.04921875 0.0765625 0.0984375 0.153125
8 0.07265625 0.284375 0.1453125 0.56875
3 0.13046875 0.15234375 0.059375 0.0625
0 0.0296875 0.41015625 0.059375 0.0734375
0 0.08828125 0.375 0.1765625 0.04375
0 0.81875 0.22890625 0.09375 0.1296875
0 0.675 0.2203125 0.1 0.121875
3 0.58671875 0.04375 0.0609375 0.0625
3 0.8359375 0.0390625 0.075 0.0625
5 0.04453125 0.5953125 0.0890625 0.053125
10 0.05234375 0.76640625 0.1046875 0.2328125
8 0.07578125 0.784375 0.1515625 0.43125
3 0.01875 0.91328125 0.0375 0.0671875
7 0.0453125 0.62890625 0.0734375 0.04375
3 0.4765625 0.77890625 0.275 0.4203125
3 0.81796875 0.82890625 0.3640625 0.3421875