10 0.328125 0.1953125 0.309375 0.29375
8 0.3015625 0.259375 0.45625 0.51875
8 0.56640625 0.17578125 0.0734375 0.3515625
10 0.128125 0.6125 0.1828125 0.1734375
8 0.13359375 0.73984375 0.2671875 0.4421875
0 0.175 0.91796875 0.0953125 0.05625
3 0.0234375 0.7265625 0.046875 0.059375
3 0.2421875 0.715625 0.0375 0.0609375
0 0.06171875 0.8625 0.0921875 0.0484375
10 0.8140625 0.60234375 0.23125 0.1671875
8 0.8125 0.759375 0.365625 0.48125
3 0.70234375 0.715625 0.0734375 0.0640625
3 0.94921875 0.703125 0.0625 0.075
0 0.76171875 0.9109375 0.09375 0.0703125
0 0.9015625 0.9078125 0.1015625 0.0703125