10 0.41796875 0.0234375 0.1421875 0.046875
0 0.3609375 0.18125 0.046875 0.075
0 0.42265625 0.17421875 0.0640625 0.0734375
3 0.33984375 0.05390625 0.0484375 0.0421875
0 0.82734375 0.56640625 0.1203125 0.0453125
10 0.27578125 0.6484375 0.2109375 0.11875
0 0.25078125 0.91796875 0.0953125 0.1234375
0 0.29375 0.86328125 0.059375 0.0921875
8 0.296875 0.790625 0.384375 0.403125
10 0.6578125 0.85625 0.159375 0.1375
5 0.64921875 0.7296875 0.0890625 0.0375
3 0.56875 0.953125 0.04375 0.04375
3 0.75 0.93984375 0.040625 0.0484375
2 0.65234375 0.7484375 0.0640625 0.01875