0 0.25390625 0.15546875 0.0609375 0.0859375
0 0.18671875 0.1609375 0.0671875 0.084375
3 0.1125 0.040625 0.059375 0.053125
3 0.31484375 0.02578125 0.0390625 0.0484375
10 0.70625 0.27578125 0.246875 0.2640625
5 0.69296875 0.03671875 0.2109375 0.0734375
8 0.7 0.28984375 0.375 0.5796875
10 0.4453125 0.73125 0.046875 0.121875
0 0.45703125 0.91015625 0.0234375 0.0734375
5 0.45078125 0.63359375 0.0359375 0.0453125
3 0.40703125 0.8125 0.0328125 0.03125
2 0.46015625 0.65625 0.0171875 0.009375
10 0.66015625 0.71796875 0.1890625 0.1546875
0 0.725 0.9546875 0.075 0.0875
0 0.6390625 0.9359375 0.059375 0.078125
5 0.6515625 0.58984375 0.10625 0.0203125
3 0.56953125 0.81953125 0.0515625 0.0484375
3 0.7671875 0.81015625 0.04375 0.0484375
2 0.65859375 0.60625 0.0796875 0.015625