0 0.49765625 0.1734375 0.0890625 0.075
0 0.575 0.17421875 0.05 0.0765625
3 0.46171875 0.0453125 0.0390625 0.04375
10 0.7671875 0.25546875 0.1734375 0.1734375
8 0.7703125 0.33203125 0.2796875 0.471875
5 0.7875 0.13671875 0.128125 0.0765625
3 0.6765625 0.35859375 0.0640625 0.0625
0 0.73515625 0.5125 0.0828125 0.053125
0 0.853125 0.534375 0.109375 0.0578125
10 0.2328125 0.79296875 0.18125 0.1734375
3 0.1328125 0.90546875 0.053125 0.0484375
3 0.35859375 0.89296875 0.0390625 0.0515625
2 0.2515625 0.66484375 0.09375 0.0109375