10 0.303125 0.05859375 0.20625 0.1171875
0 0.26640625 0.2859375 0.0640625 0.1
0 0.3859375 0.28671875 0.075 0.0984375
3 0.2078125 0.14140625 0.053125 0.0484375
3 0.41015625 0.1359375 0.0546875 0.05625
9 0.7546875 0.328125 0.3484375 0.578125
11 0.7578125 0.25546875 0.228125 0.2078125
6 0.7546875 0.0828125 0.146875 0.065625
4 0.634375 0.3890625 0.075 0.0671875
4 0.88203125 0.37734375 0.065625 0.075
1 0.6796875 0.57890625 0.0734375 0.059375
1 0.825 0.57578125 0.0875 0.065625
7 0.75546875 0.13515625 0.084375 0.034375
10 0.86015625 0.89375 0.2796875 0.2125
10 0.6125 0.93046875 0.29375 0.1390625