10 0.234375 0.08671875 0.246875 0.1734375
0 0.0875 0.3515625 0.175 0.096875
0 0.29609375 0.3703125 0.1859375 0.059375
3 0.20703125 0.21953125 0.1046875 0.0828125
10 0.71953125 0.3015625 0.2453125 0.19375
5 0.696875 0.11640625 0.134375 0.0609375
2 0.70390625 0.1484375 0.1234375 0.028125
10 0.15390625 0.61796875 0.2421875 0.2078125
0 0.2296875 0.946875 0.1 0.10625
0 0.096875 0.9078125 0.071875 0.1125
5 0.1625 0.43359375 0.14375 0.0671875
8 0.17109375 0.7 0.3421875 0.6
10 0.82109375 0.4546875 0.2203125 0.109375
0 0.91015625 0.7203125 0.1203125 0.121875
0 0.7640625 0.6859375 0.078125 0.109375
3 0.70625 0.54375 0.059375 0.05625
3 0.95625 0.53046875 0.05 0.0609375