10 0.1734375 0.21328125 0.1375 0.1359375
0 0.14453125 0.4046875 0.0609375 0.06875
0 0.246875 0.4171875 0.059375 0.08125
5 0.1671875 0.09609375 0.096875 0.0453125
2 0.1515625 0.11640625 0.06875 0.0171875
3 0.0703125 0.28984375 0.034375 0.0390625
3 0.271875 0.2953125 0.0375 0.046875
10 0.859375 0.07578125 0.146875 0.1359375
0 0.8984375 0.28359375 0.059375 0.0796875
0 0.8015625 0.28046875 0.05625 0.0796875
3 0.76875 0.165625 0.040625 0.040625
3 0.95625 0.1609375 0.04375 0.046875
10 0.3921875 0.8109375 0.246875 0.23125
5 0.37734375 0.596875 0.1859375 0.075
2 0.4046875 0.63125 0.1125 0.01875
3 0.41953125 0.975 0.0734375 0.05
10 0.9328125 0.62421875 0.134375 0.1296875
0 0.915625 0.81484375 0.059375 0.0671875
0 0.984375 0.8078125 0.03125 0.059375
8 0.9140625 0.70234375 0.171875 0.3046875