10 0.47109375 0.146875 0.1296875 0.11875
0 0.52109375 0.3203125 0.059375 0.06875
0 0.440625 0.3078125 0.046875 0.059375
5 0.47578125 0.05390625 0.078125 0.046875
8 0.471875 0.19609375 0.19375 0.3296875
0 0.67890625 0.06875 0.0609375 0.065625
0 0.60546875 0.06953125 0.0421875 0.0671875
10 0.17890625 0.49375 0.1390625 0.128125
0 0.1328125 0.671875 0.053125 0.065625
0 0.196875 0.6875 0.05625 0.075
3 0.1078125 0.5703125 0.040625 0.034375
3 0.26328125 0.5734375 0.0296875 0.040625
10 0.71796875 0.66484375 0.125 0.1078125
0 0.6640625 0.825 0.0390625 0.05625
0 0.7375 0.83671875 0.065625 0.0640625
5 0.72109375 0.56953125 0.0796875 0.040625
8 0.715625 0.709375 0.203125 0.340625