10 0.4765625 0.23046875 0.165625 0.2015625
5 0.4921875 0.04453125 0.134375 0.0640625
2 0.50390625 0.07421875 0.1109375 0.0265625
3 0.39765625 0.37421875 0.0671875 0.0546875
10 0.9265625 0.06796875 0.146875 0.1359375
0 0.925 0.32109375 0.08125 0.1078125
8 0.903125 0.19609375 0.19375 0.3921875
10 0.1234375 0.62109375 0.246875 0.2828125
0 0.05 0.975 0.1 0.05
0 0.203125 0.9609375 0.171875 0.078125
8 0.16484375 0.73984375 0.3296875 0.5203125
10 0.684375 0.72734375 0.25 0.2734375
5 0.6609375 0.49921875 0.203125 0.0390625
8 0.69375 0.73984375 0.26875 0.5203125