10 0.26015625 0.33671875 0.2421875 0.1265625
5 0.26875 0.19296875 0.1421875 0.06875
8 0.2609375 0.2796875 0.375 0.240625
10 0.965625 0.2921875 0.06875 0.215625
8 0.93515625 0.2234375 0.1296875 0.353125
10 0.4578125 0.5734375 0.209375 0.1875
0 0.42265625 0.86328125 0.0953125 0.1109375
0 0.49765625 0.8140625 0.0890625 0.10625
5 0.4625 0.41875 0.14375 0.0375
8 0.459375 0.66640625 0.325 0.5328125
10 0.95859375 0.61796875 0.0828125 0.1796875
0 0.971875 0.89765625 0.05625 0.1078125
5 0.97578125 0.45 0.0484375 0.05625
2 0.98984375 0.4796875 0.0203125 0.025
3 0.89765625 0.7328125 0.0546875 0.053125