0 0.44921875 0.01875 0.0890625 0.0375
0 0.91484375 0.05703125 0.10625 0.1109375
0 0.8421875 0.1 0.0953125 0.11875
8 0.84609375 0.084375 0.3078125 0.16875
10 0.16953125 0.396875 0.1984375 0.09375
8 0.1640625 0.5265625 0.328125 0.353125
0 0.14375 0.6703125 0.0859375 0.0625
0 0.2015625 0.60234375 0.0984375 0.075
3 0.05390625 0.4734375 0.0671875 0.0625
3 0.31171875 0.4453125 0.05 0.0640625
10 0.94921875 0.6828125 0.1015625 0.265625
5 0.9734375 0.44375 0.053125 0.0875
8 0.928125 0.69453125 0.14375 0.6109375