10 0.0484375 0.215625 0.096875 0.215625
8 0.075 0.25390625 0.15 0.4921875
5 0.02578125 0.03984375 0.0515625 0.0734375
7 0.0203125 0.0921875 0.040625 0.034375
10 0.6234375 0.26953125 0.146875 0.1359375
0 0.6625 0.46875 0.059375 0.0625
0 0.565625 0.4671875 0.05625 0.065625
5 0.621875 0.13828125 0.0875 0.0359375
3 0.5328125 0.3546875 0.040625 0.04375
3 0.71953125 0.3546875 0.0390625 0.04375
2 0.6234375 0.16328125 0.075 0.0171875
5 0.30625 0.82265625 0.1171875 0.0515625
8 0.3109375 0.9015625 0.2375 0.196875
10 0.9265625 0.60625 0.146875 0.121875
0 0.90390625 0.78984375 0.0609375 0.0734375
0 0.97265625 0.79296875 0.0546875 0.0765625
5 0.92890625 0.51640625 0.1015625 0.0328125
2 0.9328125 0.52578125 0.05625 0.0140625
3 0.85390625 0.68515625 0.0421875 0.0359375