10 0.1984375 0.0828125 0.246875 0.165625
0 0.278125 0.3796875 0.103125 0.13125
0 0.1609375 0.36640625 0.10625 0.1234375
3 0.07890625 0.20859375 0.0671875 0.0546875
3 0.33671875 0.175 0.0453125 0.053125
10 0.78046875 0.05 0.1171875 0.1
0 0.72265625 0.240625 0.0890625 0.078125
0 0.82734375 0.24296875 0.1109375 0.0734375
3 0.71796875 0.1140625 0.0328125 0.0375
3 0.83046875 0.12890625 0.0546875 0.0515625
0 0.38984375 0.84453125 0.1140625 0.1484375
0 0.2390625 0.79375 0.071875 0.096875
3 0.21171875 0.63671875 0.0796875 0.0640625
10 0.76171875 0.790625 0.2828125 0.246875
2 0.76875 0.60859375 0.125 0.0171875
3 0.6328125 0.94921875 0.078125 0.0734375
3 0.9140625 0.9484375 0.071875 0.075