10 0.2953125 0.15625 0.246875 0.296875
0 0.34140625 0.5484375 0.1546875 0.121875
0 0.1453125 0.55 0.109375 0.11875
3 0.11484375 0.34921875 0.1046875 0.0890625
10 0.9015625 0.43203125 0.0625 0.14375
10 0.57109375 0.334375 0.06875 0.096875
10 0.78515625 0.32265625 0.0515625 0.0859375
10 0.49140625 0.33671875 0.0453125 0.0859375
10 0.75 0.31796875 0.078125 0.09375
10 0.62734375 0.31875 0.065625 0.10625
10 0.87109375 0.334375 0.05 0.096875
10 0.04453125 0.890625 0.0890625 0.21875
5 0.02265625 0.68203125 0.0453125 0.0671875
2 0.01796875 0.7234375 0.0359375 0.01875
10 0.74609375 0.7921875 0.275 0.265625
8 0.740625 0.8046875 0.4125 0.390625