10 0.19140625 0.1921875 0.15625 0.1546875
5 0.18984375 0.06015625 0.1046875 0.04375
8 0.19375 0.2734375 0.259375 0.465625
0 0.1578125 0.43046875 0.078125 0.0484375
0 0.2625 0.44296875 0.11875 0.0515625
3 0.121875 0.28828125 0.0671875 0.040625
3 0.2953125 0.28046875 0.05 0.04375
7 0.19765625 0.10546875 0.05625 0.021875
10 0.7125 0.13359375 0.246875 0.2015625
0 0.7921875 0.4484375 0.103125 0.13125
0 0.675 0.43515625 0.10625 0.1234375
3 0.59296875 0.27734375 0.0671875 0.0546875
3 0.85078125 0.24375 0.0453125 0.053125