8 0.27421875 0.284375 0.2703125 0.56875
10 0.284375 0.2140625 0.246875 0.234375
0 0.29140625 0.5359375 0.1859375 0.065625
0 0.3515625 0.51875 0.115625 0.1
5 0.271875 0.015625 0.184375 0.03125
10 0.8390625 0.32890625 0.125 0.1140625
0 0.81875 0.5109375 0.053125 0.078125
0 0.85625 0.49296875 0.04375 0.0609375
5 0.8390625 0.22578125 0.09375 0.0359375
3 0.76171875 0.4046875 0.0328125 0.034375
3 0.9328125 0.4 0.03125 0.04375
2 0.8421875 0.2453125 0.059375 0.0125
10 0.20703125 0.915625 0.2609375 0.16875
5 0.21953125 0.74140625 0.2078125 0.1015625
8 0.2046875 0.8390625 0.409375 0.321875
7 0.2515625 0.80859375 0.1015625 0.0453125
0 0.68046875 0.65625 0.046875 0.075
0 0.7421875 0.64921875 0.0640625 0.0734375
8 0.7359375 0.63671875 0.228125 0.1359375