10 0.2203125 0.0515625 0.246875 0.103125
0 0.23984375 0.365625 0.159375 0.1375
0 0.146875 0.31328125 0.178125 0.1265625
8 0.2140625 0.22734375 0.375 0.4546875
10 0.85390625 0.2109375 0.1703125 0.3375
8 0.8546875 0.2546875 0.290625 0.509375
10 0.14453125 0.6 0.2890625 0.18125
0 0.040625 0.915625 0.08125 0.14375
0 0.2 0.93828125 0.109375 0.1234375
3 0.08671875 0.56328125 0.1734375 0.0578125
3 0.1359375 0.63203125 0.146875 0.0578125
10 0.58203125 0.7546875 0.1765625 0.31875
8 0.68828125 0.7546875 0.4578125 0.490625