10 0.30234375 0.23203125 0.2328125 0.2078125
5 0.315625 0.04765625 0.14375 0.06875
8 0.26953125 0.23671875 0.2984375 0.4453125
10 0.625 0.025 0.15 0.05
0 0.5921875 0.18984375 0.05625 0.0828125
0 0.6390625 0.17421875 0.0390625 0.0703125
8 0.62265625 0.1203125 0.2734375 0.240625
10 0.3640625 0.74765625 0.109375 0.3046875
5 0.3875 0.48203125 0.0625 0.0453125
8 0.32578125 0.7296875 0.1859375 0.540625
10 0.56875 0.6625 0.23125 0.2109375
5 0.55 0.48984375 0.146875 0.0609375
8 0.5828125 0.7296875 0.328125 0.540625
3 0.45390625 0.79296875 0.0703125 0.0640625
7 0.55625 0.54140625 0.1015625 0.0390625
3 0.7015625 0.78671875 0.0609375 0.06875
0 0.51875 0.984375 0.09375 0.03125
0 0.66015625 0.9796875 0.1203125 0.040625