10 0.1734375 0.29609375 0.1875 0.184375
8 0.1640625 0.32578125 0.309375 0.4078125
3 0.059375 0.40625 0.0640625 0.0625
5 0.18984375 0.1515625 0.1328125 0.0671875
3 0.3 0.4015625 0.0375 0.05625
7 0.1921875 0.19921875 0.0640625 0.025
10 0.66484375 0.090625 0.1421875 0.18125
0 0.65546875 0.51015625 0.0421875 0.0390625
0 0.70078125 0.509375 0.0453125 0.040625
8 0.66484375 0.26484375 0.3015625 0.5296875
0 0.0328125 0.6328125 0.065625 0.071875
8 0.7109375 0.76484375 0.3875 0.4703125
3 0.55390625 0.55703125 0.0734375 0.0546875
3 0.74609375 0.575 0.1171875 0.090625
0 0.66171875 0.79765625 0.2 0.071875
0 0.79453125 0.83046875 0.153125 0.0921875