10 0.371875 0.27734375 0.2109375 0.1890625
0 0.3375 0.52109375 0.08125 0.0359375
0 0.4484375 0.5234375 0.096875 0.03125
5 0.37578125 0.10625 0.1328125 0.0609375
8 0.3859375 0.30625 0.334375 0.465625
10 0.925 0.24296875 0.15 0.2609375
5 0.909375 0.0234375 0.18125 0.046875
8 0.8796875 0.26953125 0.240625 0.5390625
0 0.3953125 0.7015625 0.125 0.084375
0 0.4578125 0.675 0.10625 0.090625
3 0.35859375 0.56796875 0.0578125 0.0515625
5 0.9015625 0.66171875 0.196875 0.096875
10 0.8953125 0.86953125 0.209375 0.2453125
8 0.8796875 0.80234375 0.240625 0.3953125
7 0.9546875 0.72265625 0.075 0.046875