10 0.26484375 0.1484375 0.2046875 0.1875
8 0.27578125 0.234375 0.3140625 0.46875
5 0.24375 0.0125 0.128125 0.025
0 0.253125 0.43984375 0.0765625 0.0515625
3 0.3890625 0.2453125 0.0609375 0.0625
3 0.17421875 0.2578125 0.065625 0.053125
0 0.3828125 0.4328125 0.08125 0.0453125
7 0.246875 0.03828125 0.075 0.028125
8 0.90390625 0.17578125 0.1921875 0.3515625
10 0.92890625 0.05 0.1421875 0.1
0 0.91796875 0.28984375 0.075 0.1203125
10 0.08125 0.771875 0.1625 0.1875
5 0.04375 0.6203125 0.0875 0.021875
3 0.18046875 0.87734375 0.0515625 0.0515625
2 0.0375 0.63359375 0.075 0.0234375
0 0.92265625 0.76875 0.0828125 0.128125
0 0.784375 0.75703125 0.096875 0.1234375