10 0.159375 0.12578125 0.11875 0.1359375
0 0.15546875 0.32890625 0.0609375 0.0765625
5 0.1609375 0.0078125 0.084375 0.015625
2 0.16640625 0.01796875 0.0640625 0.0171875
3 0.08046875 0.2125 0.0359375 0.04375
10 0.571875 0.15625 0.165625 0.153125
0 0.546875 0.3859375 0.075 0.09375
0 0.621875 0.36796875 0.053125 0.0640625
5 0.56328125 0.02109375 0.1109375 0.0421875
3 0.66015625 0.2484375 0.0515625 0.046875
3 0.4921875 0.24921875 0.034375 0.0421875
2 0.53828125 0.0453125 0.0609375 0.01875
5 0.4546875 0.5734375 0.075 0.06875
10 0.4734375 0.7921875 0.15625 0.23125
8 0.48984375 0.765625 0.5421875 0.46875