10 0.065625 0.0984375 0.13125 0.196875
0 0.04453125 0.3953125 0.0890625 0.109375
3 0.18984375 0.2109375 0.0578125 0.075
0 0.534375 0.00625 0.046875 0.0125
0 0.60625 0.01171875 0.065625 0.0234375
10 0.075 0.578125 0.15 0.184375
8 0.1125 0.6703125 0.225 0.440625
0 0.0796875 0.878125 0.0953125 0.0546875
5 0.07265625 0.45859375 0.1328125 0.0171875
3 0.1890625 0.684375 0.05 0.05625
7 0.075 0.48203125 0.0640625 0.025
10 0.7359375 0.63125 0.15 0.140625
0 0.703125 0.84140625 0.05625 0.0828125
0 0.75078125 0.82578125 0.0390625 0.0703125
5 0.73515625 0.50390625 0.0890625 0.0328125
2 0.73515625 0.52578125 0.0671875 0.0140625
3 0.84140625 0.71171875 0.0390625 0.0421875
3 0.62578125 0.715625 0.0390625 0.040625