10 0.2796875 0.2359375 0.159375 0.146875
0 0.33359375 0.46015625 0.1171875 0.0828125
0 0.21484375 0.4453125 0.0546875 0.06875
5 0.28046875 0.09921875 0.1078125 0.0453125
2 0.28671875 0.128125 0.0796875 0.0125
3 0.19296875 0.33203125 0.0484375 0.0390625
3 0.38359375 0.321875 0.0390625 0.046875
10 0.83984375 0.16875 0.246875 0.2625
0 0.66640625 0.49140625 0.228125 0.1234375
0 0.9015625 0.52734375 0.1859375 0.1203125
8 0.77265625 0.3046875 0.4546875 0.609375
10 0.171875 0.91015625 0.246875 0.1796875
5 0.159375 0.72109375 0.184375 0.0671875
2 0.18828125 0.7625 0.1078125 0.01875
10 0.70703125 0.6875 0.1984375 0.096875
8 0.69921875 0.8171875 0.3328125 0.35625
0 0.68125 0.9625 0.0859375 0.0625
0 0.7390625 0.89453125 0.0984375 0.075
3 0.59140625 0.765625 0.0671875 0.0625
3 0.84921875 0.7375 0.05 0.0640625