10 0.30703125 0.26640625 0.1859375 0.2234375
5 0.3109375 0.08046875 0.1640625 0.084375
8 0.26796875 0.32265625 0.2640625 0.5546875
3 0.22578125 0.4109375 0.0859375 0.0703125
0 0.3609375 0.58828125 0.078125 0.0234375
7 0.33125 0.1390625 0.1 0.0375
10 0.59453125 0.0515625 0.2109375 0.103125
8 0.58125 0.2828125 0.35 0.565625
3 0.5140625 0.134375 0.0890625 0.0671875
0 0.5546875 0.3609375 0.121875 0.065625
0 0.67890625 0.3359375 0.153125 0.0625
3 0.73671875 0.11640625 0.059375 0.071875
0 0.15625 0.8140625 0.121875 0.13125
0 0.30390625 0.7921875 0.1171875 0.115625
3 0.3609375 0.621875 0.046875 0.04375
3 0.13828125 0.6390625 0.0734375 0.053125
3 0.59765625 0.828125 0.3953125 0.34375