10 0.06328125 0.03125 0.1265625 0.0625
0 0.06875 0.1734375 0.0609375 0.071875
0 0.02421875 0.18125 0.0484375 0.06875
8 0.08671875 0.10859375 0.1734375 0.2171875
10 0.53671875 0.090625 0.0953125 0.18125
8 0.6671875 0.23984375 0.35625 0.4796875
10 0.1484375 0.6875 0.125 0.109375
0 0.153125 0.85625 0.046875 0.065625
0 0.09453125 0.8484375 0.0390625 0.059375
5 0.15078125 0.5890625 0.0828125 0.0375
2 0.15703125 0.609375 0.0578125 0.0125
3 0.07109375 0.75546875 0.0328125 0.0359375
3 0.22734375 0.75390625 0.0328125 0.0328125
10 0.7125 0.51875 0.25625 0.078125
0 0.759375 0.82890625 0.1375 0.1515625
0 0.6359375 0.78046875 0.175 0.1359375
8 0.73046875 0.6890625 0.4109375 0.41875