10 0.33671875 0.05703125 0.1953125 0.1140625
0 0.33515625 0.39453125 0.2078125 0.1390625
0 0.3015625 0.33046875 0.175 0.1265625
3 0.16875 0.11875 0.065625 0.065625
3 0.42734375 0.159375 0.0640625 0.0875
10 0.90703125 0.29921875 0.1859375 0.2609375
5 0.8765625 0.065625 0.1859375 0.0765625
8 0.84921875 0.2578125 0.3015625 0.4625
0 0.325 0.64453125 0.059375 0.0796875
0 0.228125 0.64140625 0.05625 0.0796875
3 0.1953125 0.521875 0.040625 0.04375
3 0.38203125 0.521875 0.0390625 0.04375
10 0.5421875 0.8203125 0.165625 0.31875
5 0.52109375 0.5359375 0.0828125 0.075
8 0.665625 0.74453125 0.4125 0.5109375