10 0.221875 0.13515625 0.259375 0.2703125
3 0.07109375 0.32578125 0.1015625 0.0671875
3 0.3703125 0.2625 0.046875 0.075
10 0.68984375 0.01875 0.1609375 0.0375
8 0.709375 0.1171875 0.21875 0.234375
0 0.6625 0.2015625 0.0734375 0.0421875
0 0.75546875 0.2109375 0.09375 0.040625
3 0.78984375 0.05 0.0375 0.046875
3 0.6203125 0.0546875 0.040625 0.04375
8 0.3125 0.73984375 0.296875 0.5203125
10 0.30703125 0.60625 0.2609375 0.23125
0 0.315625 0.94375 0.2 0.1125
0 0.375 0.9125 0.13125 0.10625
10 0.91875 0.56640625 0.1625 0.1734375
0 0.90546875 0.88046875 0.109375 0.1390625
8 0.88046875 0.71875 0.2390625 0.478125