10 0.37421875 0.2515625 0.2015625 0.1890625
8 0.3796875 0.334375 0.3390625 0.5375
3 0.25078125 0.36875 0.0578125 0.0625
5 0.37890625 0.103125 0.1328125 0.0703125
7 0.3953125 0.15078125 0.0828125 0.0375
3 0.5296875 0.3578125 0.0546875 0.0671875
0 0.3125 0.55546875 0.0875 0.0578125
0 0.390625 0.5484375 0.1 0.0609375
10 0.61796875 0.08515625 0.1171875 0.1671875
0 0.61875 0.35078125 0.071875 0.1140625
3 0.7109375 0.1921875 0.0375 0.053125
10 0.1109375 0.78359375 0.221875 0.2515625
8 0.15078125 0.81484375 0.3015625 0.3703125
0 0.6765625 0.6453125 0.059375 0.03125
0 0.73359375 0.63671875 0.0609375 0.0140625