10 0.22890625 0.33046875 0.1421875 0.1203125
5 0.21796875 0.22734375 0.0953125 0.0484375
2 0.2234375 0.25 0.059375 0.0125
3 0.14375 0.4140625 0.040625 0.03125
3 0.31015625 0.403125 0.0265625 0.040625
0 0.603125 0.165625 0.06875 0.075
0 0.70390625 0.19765625 0.0640625 0.1046875
3 0.5671875 0.05234375 0.05625 0.0484375
3 0.78828125 0.05078125 0.0453125 0.0546875
10 0.28046875 0.71953125 0.1171875 0.1359375
0 0.22265625 0.928125 0.0890625 0.078125
0 0.32734375 0.93046875 0.1109375 0.0734375
5 0.28515625 0.5875 0.1015625 0.04375
3 0.32890625 0.81796875 0.0609375 0.0484375
3 0.215625 0.80078125 0.03125 0.0453125
2 0.2671875 0.61640625 0.06875 0.0171875
10 0.578125 0.65859375 0.2375 0.2515625
0 0.490625 0.975 0.0625 0.05
0 0.64140625 0.9734375 0.1109375 0.053125
5 0.565625 0.44453125 0.1625 0.0296875
2 0.565625 0.46640625 0.125 0.0328125
3 0.709375 0.81640625 0.075 0.0765625