10 0.0921875 0.065625 0.15 0.13125
8 0.1046875 0.2296875 0.209375 0.459375
3 0.04765625 0.16796875 0.084375 0.0734375
3 0.18203125 0.125 0.0546875 0.0671875
0 0.1375 0.34375 0.165625 0.0640625
3 0.0703125 0.38359375 0.140625 0.0671875
9 0.72421875 0.171875 0.3515625 0.34375
4 0.5671875 0.04609375 0.0828125 0.075
4 0.8078125 0.06484375 0.0953125 0.0953125
1 0.6515625 0.259375 0.1609375 0.078125
1 0.77890625 0.2921875 0.1265625 0.08125
3 0.08359375 0.80390625 0.1671875 0.3921875
3 0.41953125 0.79296875 0.1390625 0.4140625
3 0.78828125 0.884375 0.3421875 0.23125