10 0.28828125 0.02421875 0.1140625 0.0484375
0 0.25546875 0.14765625 0.046875 0.0578125
0 0.328125 0.15625 0.065625 0.0625
8 0.28671875 0.0984375 0.1859375 0.196875
0 0.6140625 0.015625 0.046875 0.03125
0 0.6859375 0.02109375 0.065625 0.0421875
0 0.43828125 0.490625 0.046875 0.05625
0 0.3953125 0.49609375 0.05 0.0640625
8 0.40859375 0.48203125 0.1421875 0.1046875
10 0.8453125 0.65234375 0.18125 0.1546875
0 0.81875 0.8828125 0.071875 0.084375
0 0.9078125 0.88515625 0.06875 0.0859375
5 0.8328125 0.509375 0.115625 0.053125
2 0.815625 0.54140625 0.078125 0.0140625
3 0.71484375 0.75234375 0.0359375 0.0421875
3 0.9734375 0.74609375 0.04375 0.0515625