10 0.38046875 0.07890625 0.1453125 0.134375
8 0.3609375 0.1546875 0.196875 0.309375
0 0.36015625 0.2890625 0.0765625 0.04375
0 0.428125 0.26953125 0.0625 0.0484375
10 0.63125 0.1140625 0.278125 0.228125
0 0.559375 0.41796875 0.109375 0.0640625
0 0.71875 0.41640625 0.103125 0.0671875
8 0.6515625 0.225 0.384375 0.45
10 0.2578125 0.60234375 0.384375 0.3046875
0 0.37734375 0.9609375 0.1640625 0.078125
8 0.25 0.725 0.41875 0.55
10 0.671875 0.68671875 0.153125 0.1328125
0 0.6234375 0.8921875 0.05 0.078125
0 0.721875 0.89765625 0.071875 0.0734375
5 0.66875 0.5578125 0.096875 0.0421875
8 0.6796875 0.74140625 0.265625 0.4046875