10 0.3 0.0296875 0.15 0.059375
0 0.2671875 0.19921875 0.05625 0.0828125
0 0.31484375 0.18359375 0.0390625 0.0703125
3 0.40546875 0.06953125 0.0390625 0.0421875
3 0.18984375 0.0734375 0.0390625 0.040625
10 0.8875 0.19921875 0.125 0.1078125
0 0.83359375 0.359375 0.0390625 0.05625
0 0.90703125 0.37109375 0.0640625 0.0640625
5 0.88984375 0.1046875 0.0796875 0.040625
3 0.8140625 0.26875 0.034375 0.03125
3 0.95546875 0.26796875 0.0265625 0.0359375
2 0.9 0.12265625 0.05625 0.0109375
10 0.66015625 0.90625 0.0609375 0.1875
5 0.64609375 0.74140625 0.0328125 0.0640625