0 0.25625 0.01328125 0.0625 0.0265625
0 0.53203125 0.36953125 0.1203125 0.1796875
0 0.72578125 0.43203125 0.1015625 0.0546875
10 0.04453125 0.50859375 0.0890625 0.0984375
0 0.0171875 0.903125 0.034375 0.078125
0 0.05859375 0.896875 0.0453125 0.06875
8 0.0796875 0.70234375 0.159375 0.4859375
5 0.38515625 0.49765625 0.0703125 0.0765625
5 0.97578125 0.48515625 0.0484375 0.0515625
5 0.690625 0.50078125 0.08125 0.0828125
5 0.5109375 0.60234375 0.11875 0.190625
10 0.959375 0.66953125 0.08125 0.2109375
10 0.403125 0.684375 0.10625 0.246875
10 0.6875 0.7359375 0.153125 0.2890625
10 0.53515625 0.86953125 0.2015625 0.2609375