0 0.31015625 0.02578125 0.0390625 0.0515625
0 0.38359375 0.03515625 0.0640625 0.0640625
0 0.8390625 0.0109375 0.078125 0.021875
0 0.93359375 0.028125 0.0609375 0.05625
10 0.3421875 0.49921875 0.265625 0.1609375
0 0.42890625 0.80234375 0.0953125 0.1296875
0 0.2828125 0.80234375 0.096875 0.1265625
8 0.3453125 0.65234375 0.39375 0.4671875
10 0.95234375 0.4375 0.0953125 0.0375
0 0.9140625 0.5625 0.0390625 0.05625
0 0.97734375 0.57421875 0.0453125 0.0640625
8 0.93203125 0.51796875 0.1359375 0.1984375