10 0.2984375 0.32265625 0.2375 0.2546875
5 0.275 0.084375 0.2125 0.071875
3 0.2828125 0.4921875 0.084375 0.053125
2 0.234375 0.13125 0.103125 0.03125
10 0.6140625 0.0796875 0.103125 0.159375
10 0.9859375 0.06484375 0.028125 0.1296875
10 0.8515625 0.06796875 0.0625 0.1359375
10 0.928125 0.08828125 0.09375 0.1765625
10 0.7703125 0.1109375 0.09375 0.221875
0 0.671875 0.41875 0.0828125 0.10625
0 0.596875 0.48046875 0.071875 0.0765625
0 0.7390625 0.41875 0.0484375 0.075
0 0.453125 0.571875 0.09375 0.0875
0 0.3640625 0.56796875 0.059375 0.0828125
10 0.6046875 0.5515625 0.209375 0.065625
0 0.665625 0.82734375 0.1 0.1421875
0 0.53359375 0.7703125 0.0671875 0.1125
3 0.7390625 0.61171875 0.05 0.0765625