10 0.36953125 0.34375 0.1984375 0.2625
0 0.2203125 0.63671875 0.228125 0.0640625
5 0.3890625 0.10625 0.159375 0.078125
8 0.284375 0.365625 0.36875 0.60625
10 0.54453125 0.2203125 0.1515625 0.215625
0 0.56640625 0.56953125 0.096875 0.1453125
5 0.53125 0.02890625 0.125 0.0578125
8 0.5859375 0.32578125 0.234375 0.6515625
10 0.25546875 0.8671875 0.1421875 0.23125
8 0.25546875 0.834375 0.3015625 0.33125
10 0.9 0.75546875 0.2 0.1734375
3 0.78046875 0.86484375 0.09375 0.0828125
8 0.8578125 0.834375 0.284375 0.33125