10 0.23515625 0.275 0.290625 0.2875
5 0.2453125 0.03125 0.209375 0.0625
8 0.2265625 0.29453125 0.453125 0.5890625
10 0.72890625 0.02734375 0.1859375 0.0546875
0 0.64140625 0.1984375 0.05625 0.08125
0 0.76875 0.23203125 0.0828125 0.1109375
8 0.72265625 0.14921875 0.2828125 0.2984375
10 0.03515625 0.64921875 0.0703125 0.1203125
0 0.05859375 0.85234375 0.1109375 0.0734375
8 0.06171875 0.740625 0.1234375 0.303125
2 0.74609375 0.64765625 0.3484375 0.1171875
7 0.734375 0.83515625 0.3 0.3296875
8 0.76953125 0.79453125 0.4609375 0.4109375