10 0.446875 0.2390625 0.20625 0.25
5 0.47109375 0.02421875 0.1578125 0.0484375
2 0.49765625 0.05703125 0.1046875 0.0234375
3 0.31875 0.3875 0.084375 0.04375
8 0.884375 0.06328125 0.16875 0.1265625
0 0.82265625 0.01875 0.03125 0.028125
0 0.9515625 0.01484375 0.028125 0.0296875
10 0.46171875 0.5140625 0.1765625 0.209375
0 0.4078125 0.89453125 0.1875 0.1390625
0 0.52734375 0.82734375 0.0453125 0.1171875
3 0.50703125 0.678125 0.0859375 0.0875
10 0.975 0.4609375 0.05 0.103125
0 0.95859375 0.61875 0.0390625 0.05625
3 0.9390625 0.528125 0.034375 0.03125