10 0.04296875 0.0671875 0.0859375 0.11875
0 0.07421875 0.2484375 0.0609375 0.065625
0 0.0109375 0.24921875 0.021875 0.0671875
3 0.09453125 0.13125 0.0328125 0.040625
10 0.86484375 0.29296875 0.2421875 0.2609375
5 0.84140625 0.053125 0.2078125 0.08125
2 0.8 0.1015625 0.1 0.034375
3 0.884375 0.4828125 0.1 0.0875
10 0.36640625 0.86171875 0.1453125 0.2171875
5 0.39296875 0.66015625 0.0921875 0.0734375
2 0.40625 0.69609375 0.065625 0.0234375
3 0.303125 0.9875 0.078125 0.025
10 0.89375 0.8875 0.2125 0.225
5 0.88515625 0.65 0.196875 0.0875
8 0.84453125 0.79921875 0.3109375 0.4015625