10 0.0234375 0.04921875 0.046875 0.0984375
0 0.0171875 0.240625 0.034375 0.08125
3 0.06484375 0.11640625 0.0390625 0.0453125
10 0.5234375 0.01875 0.109375 0.0375
0 0.56328125 0.1515625 0.059375 0.06875
0 0.4875 0.1390625 0.0375 0.059375
8 0.54140625 0.09609375 0.1453125 0.1921875
10 0.15703125 0.64921875 0.2390625 0.1984375
0 0.1984375 0.91640625 0.10625 0.1109375
0 0.12578125 0.95 0.0953125 0.1
5 0.1328125 0.47265625 0.14375 0.0609375
2 0.15 0.5015625 0.1 0.025
3 0.03046875 0.78828125 0.0609375 0.0578125
3 0.30390625 0.75859375 0.0390625 0.0578125
10 0.9609375 0.64453125 0.078125 0.1828125
8 0.92890625 0.7234375 0.1421875 0.55
5 0.97890625 0.48203125 0.0421875 0.0546875
3 0.89765625 0.746875 0.059375 0.059375
0 0.93515625 0.884375 0.084375 0.0578125