10 0.31171875 0.24375 0.1921875 0.165625
0 0.26875 0.46875 0.0875 0.08125
0 0.3984375 0.49609375 0.109375 0.0984375
5 0.303125 0.0953125 0.109375 0.053125
3 0.1765625 0.3453125 0.04375 0.046875
3 0.42265625 0.34375 0.0484375 0.05
2 0.3015625 0.125 0.09375 0.015625
10 0.8140625 0.23359375 0.228125 0.2203125
0 0.728125 0.56015625 0.09375 0.0984375
0 0.825 0.55078125 0.1125 0.1171875
5 0.8203125 0.02890625 0.153125 0.0578125
2 0.8296875 0.06796875 0.128125 0.0265625
3 0.69375 0.3890625 0.08125 0.065625
3 0.96796875 0.36484375 0.0515625 0.0671875
10 0.2171875 0.91953125 0.246875 0.1609375
5 0.20234375 0.740625 0.1859375 0.075
2 0.2296875 0.775 0.1125 0.01875
5 0.7125 0.621875 0.1875 0.025
10 0.7328125 0.7984375 0.228125 0.246875
8 0.746875 0.8046875 0.25625 0.390625
3 0.759375 0.96640625 0.078125 0.0625
7 0.77109375 0.64921875 0.06875 0.040625