10 0.14609375 0.22578125 0.1890625 0.1671875
0 0.1828125 0.49140625 0.071875 0.1140625
0 0.0671875 0.45703125 0.059375 0.0765625
5 0.1671875 0.08671875 0.11875 0.0703125
2 0.16875 0.1234375 0.078125 0.015625
3 0.02734375 0.3359375 0.0546875 0.05
3 0.275 0.3328125 0.0375 0.053125
10 0.56171875 0.3140625 0.2859375 0.328125
5 0.53046875 0.0234375 0.2234375 0.046875
8 0.578125 0.284375 0.31875 0.56875
8 0.13359375 0.7234375 0.2671875 0.309375
0 0.11171875 0.8046875 0.1859375 0.125
0 0.1796875 0.76171875 0.13125 0.1078125
10 0.76953125 0.92578125 0.2109375 0.1484375
5 0.76015625 0.775 0.1328125 0.0625
2 0.77578125 0.80703125 0.0953125 0.0234375