5 0.059375 0.04140625 0.11875 0.0703125
10 0.0875 0.1921875 0.175 0.1875
8 0.11328125 0.2515625 0.2265625 0.496875
0 0.0390625 0.47890625 0.078125 0.0421875
3 0.1796875 0.3015625 0.0703125 0.0515625
0 0.15625 0.47734375 0.075 0.0453125
9 0.72421875 0.25 0.3484375 0.5
11 0.728125 0.18515625 0.228125 0.2078125
6 0.725 0.02265625 0.146875 0.0453125
4 0.6046875 0.31875 0.075 0.0671875
4 0.85234375 0.30703125 0.065625 0.075
1 0.64921875 0.4890625 0.0734375 0.021875
1 0.7953125 0.4859375 0.0875 0.028125
7 0.72578125 0.06484375 0.084375 0.034375
3 0.1359375 0.6890625 0.271875 0.378125
3 0.409375 0.7546875 0.240625 0.490625
10 0.7 0.834375 0.25625 0.221875
5 0.68046875 0.6328125 0.1515625 0.071875
2 0.70703125 0.67265625 0.1109375 0.0234375
3 0.615625 0.978125 0.071875 0.04375
3 0.83828125 0.953125 0.0453125 0.0625