10 0.0984375 0.325 0.196875 0.309375
5 0.08203125 0.04609375 0.1640625 0.0921875
8 0.1609375 0.23984375 0.321875 0.4796875
10 0.76015625 0.08046875 0.1609375 0.1515625
8 0.759375 0.1765625 0.259375 0.353125
0 0.7328125 0.3203125 0.0734375 0.0421875
0 0.82578125 0.3296875 0.09375 0.040625
3 0.86015625 0.16875 0.0375 0.046875
3 0.6859375 0.17421875 0.05 0.04375
7 0.76171875 0.003125 0.0671875 0.00625
3 0.34140625 0.70703125 0.0359375 0.0484375
10 0.8453125 0.76328125 0.153125 0.1515625
0 0.8078125 0.971875 0.078125 0.05625
0 0.8921875 0.9671875 0.05625 0.065625
5 0.84296875 0.63046875 0.1203125 0.0484375
2 0.8203125 0.65546875 0.0625 0.0171875
3 0.91640625 0.85546875 0.0515625 0.0453125