0 0.46328125 0.21484375 0.071875 0.1078125
0 0.52109375 0.18359375 0.05625 0.0859375
8 0.453125 0.14296875 0.23125 0.2859375
10 0.953125 0.26953125 0.09375 0.1171875
0 0.9234375 0.44921875 0.046875 0.0609375
0 0.9234375 0.44921875 0.046875 0.0609375
0 0.9875 0.446875 0.025 0.065625
5 0.96171875 0.1640625 0.0765625 0.0375
2 0.9546875 0.18984375 0.04375 0.0109375
3 0.89609375 0.346875 0.0359375 0.034375
10 0.46640625 0.7359375 0.2046875 0.26875
5 0.48828125 0.509375 0.1609375 0.059375
3 0.35078125 0.91953125 0.0890625 0.0734375
2 0.534375 0.5375 0.06875 0.03125
10 0.9203125 0.69765625 0.159375 0.2484375
5 0.9203125 0.496875 0.1 0.034375
8 0.9 0.73984375 0.2 0.5203125