10 0.3609375 0.16171875 0.1375 0.1359375
0 0.33203125 0.353125 0.0609375 0.06875
0 0.434375 0.365625 0.059375 0.08125
5 0.3546875 0.04453125 0.096875 0.0453125
2 0.3390625 0.06484375 0.06875 0.0171875
3 0.2578125 0.23828125 0.034375 0.0390625
3 0.459375 0.24375 0.0375 0.046875
10 0.71796875 0.38984375 0.2640625 0.2171875
5 0.715625 0.18828125 0.153125 0.0734375
2 0.71640625 0.2265625 0.1359375 0.01875
3 0.59296875 0.53984375 0.0796875 0.0609375
3 0.8390625 0.509375 0.034375 0.053125
10 0.45546875 0.6171875 0.1265625 0.075
0 0.46171875 0.78046875 0.0671875 0.0765625
0 0.3953125 0.7796875 0.05 0.071875
3 0.38203125 0.66171875 0.0390625 0.0359375
10 0.90546875 0.88359375 0.1890625 0.2328125
5 0.9296875 0.6609375 0.140625 0.0875
8 0.884375 0.803125 0.23125 0.39375