10 0.215625 0.07265625 0.1328125 0.1171875
0 0.19765625 0.253125 0.046875 0.06875
0 0.240625 0.2421875 0.05 0.05625
8 0.21171875 0.1453125 0.2234375 0.290625
10 0.7515625 0.2765625 0.153125 0.121875
5 0.75078125 0.175 0.1015625 0.05625
2 0.7546875 0.19609375 0.05625 0.0140625
3 0.83046875 0.3328125 0.0203125 0.0125
0 0.16875 0.49453125 0.05625 0.0828125
0 0.21640625 0.47890625 0.0390625 0.0703125
3 0.30703125 0.36484375 0.0390625 0.0421875
3 0.09140625 0.36875 0.0390625 0.040625
10 0.7578125 0.52734375 0.184375 0.1671875
0 0.69375 0.75546875 0.078125 0.0734375
0 0.81328125 0.78359375 0.0890625 0.1015625
5 0.759375 0.37890625 0.109375 0.0515625
2 0.7578125 0.40625 0.096875 0.01875
3 0.63671875 0.63359375 0.0453125 0.0546875
3 0.86875 0.62890625 0.046875 0.0546875