10 0.05390625 0.19375 0.1078125 0.25625
10 0.6796875 0.09296875 0.25 0.1859375
0 0.68671875 0.4453125 0.1703125 0.140625
0 0.615625 0.3953125 0.171875 0.121875
8 0.6765625 0.25859375 0.35625 0.5171875
10 0.22578125 0.69296875 0.1453125 0.1296875
0 0.2015625 0.88359375 0.059375 0.0671875
0 0.28984375 0.8765625 0.0671875 0.059375
5 0.2125 0.57890625 0.1125 0.0484375
3 0.13515625 0.76796875 0.0296875 0.0328125
3 0.31328125 0.771875 0.0421875 0.040625
2 0.19453125 0.6015625 0.0609375 0.015625
0 0.94296875 0.78515625 0.1140625 0.1484375
0 0.7921875 0.734375 0.071875 0.096875
3 0.76484375 0.57734375 0.0796875 0.0640625