10 0.115625 0.39921875 0.23125 0.2546875
0 0.028125 0.71484375 0.05625 0.0890625
5 0.10625 0.159375 0.2 0.08125
2 0.1390625 0.2109375 0.1375 0.021875
3 0.33984375 0.5375 0.0703125 0.084375
10 0.83515625 0.33203125 0.3296875 0.2890625
0 0.8796875 0.71875 0.184375 0.08125
0 0.6859375 0.71171875 0.103125 0.0953125
5 0.859375 0.06328125 0.228125 0.0953125
2 0.87265625 0.11796875 0.1578125 0.0359375
3 0.6375 0.52734375 0.096875 0.0890625
10 0.1078125 0.8609375 0.103125 0.09375
0 0.05859375 0.9859375 0.0453125 0.028125
0 0.1328125 0.98828125 0.053125 0.0234375
5 0.1078125 0.77578125 0.065625 0.0296875
8 0.10546875 0.8796875 0.1640625 0.240625
8 0.8796875 0.83203125 0.240625 0.1453125
0 0.9421875 0.8671875 0.096875 0.05625
0 0.8265625 0.81796875 0.071875 0.0578125