8 0.31328125 0.2125 0.3421875 0.425
10 0.31015625 0.08671875 0.2328125 0.1734375
0 0.2421875 0.3578125 0.0890625 0.115625
0 0.38515625 0.35703125 0.090625 0.1171875
10 0.815625 0.296875 0.171875 0.23125
5 0.79921875 0.10078125 0.1390625 0.0890625
8 0.8453125 0.31484375 0.23125 0.5296875
3 0.7703125 0.45234375 0.08125 0.0765625
7 0.81796875 0.159375 0.09375 0.0390625
8 0.18828125 0.684375 0.3078125 0.209375
0 0.14765625 0.765625 0.08125 0.0484375
3 0.29765625 0.59609375 0.0609375 0.0328125
3 0.084375 0.5984375 0.059375 0.0375
0 0.275 0.75859375 0.0875 0.0578125
0 0.784375 0.81328125 0.090625 0.0953125
8 0.7875 0.7265625 0.115625 0.29375