0 0.41875 0.16015625 0.021875 0.0671875
3 0.37109375 0.04453125 0.0296875 0.0328125
0 0.67421875 0.13671875 0.1171875 0.0828125
0 0.55546875 0.121875 0.0546875 0.06875
3 0.53359375 0.0140625 0.0484375 0.028125
3 0.72421875 0.0109375 0.0390625 0.021875
10 0.3734375 0.61953125 0.1125 0.1171875
0 0.365625 0.8 0.046875 0.06875
0 0.40625 0.7890625 0.046875 0.05625
3 0.29921875 0.7 0.0390625 0.046875
2 0.3828125 0.55078125 0.06875 0.0140625
10 0.59375 0.753125 0.125 0.109375
0 0.5984375 0.921875 0.046875 0.065625
0 0.53984375 0.9140625 0.0390625 0.059375
5 0.59609375 0.6546875 0.0828125 0.0375
2 0.60234375 0.675 0.0578125 0.0125
3 0.51640625 0.82109375 0.0328125 0.0359375
3 0.67265625 0.81953125 0.0328125 0.0328125