10 0.06171875 0.2140625 0.1234375 0.175
0 0.0078125 0.4703125 0.015625 0.1
0 0.103125 0.47109375 0.075 0.0984375
5 0.0296875 0.05390625 0.059375 0.0515625
3 0.12734375 0.3203125 0.0546875 0.05625
2 0.0234375 0.08359375 0.046875 0.0203125
10 0.5765625 0.1015625 0.315625 0.203125
10 0.6796875 0.38359375 0.521875 0.5703125
10 0.75390625 0.69453125 0.2109375 0.0515625
8 0.74375 0.834375 0.340625 0.33125
3 0.66875 0.7546875 0.0921875 0.071875
3 0.89296875 0.728125 0.059375 0.071875
0 0.7109375 0.97265625 0.115625 0.0546875
0 0.83359375 0.95546875 0.1515625 0.0640625