0 0.421875 0.03984375 0.071875 0.0796875
0 0.5375 0.0421875 0.08125 0.084375
3 0.6390625 0.18671875 0.11875 0.3734375
3 0.96328125 0.2859375 0.0734375 0.365625
10 0.19375 0.584375 0.265625 0.23125
0 0.2609375 0.92890625 0.121875 0.1359375
0 0.1375 0.89609375 0.153125 0.1140625
3 0.06640625 0.71015625 0.0515625 0.0578125
3 0.27421875 0.73515625 0.0921875 0.0640625
10 0.87421875 0.49140625 0.1984375 0.0453125
8 0.85703125 0.603125 0.2859375 0.26875
0 0.81015625 0.71328125 0.0796875 0.05
3 0.97578125 0.53203125 0.0484375 0.0609375
3 0.7703125 0.5359375 0.0578125 0.053125
0 0.93046875 0.7109375 0.0875 0.0546875