10 0.30625 0.05859375 0.171875 0.1171875
0 0.3375 0.26875 0.109375 0.0875
0 0.240625 0.26484375 0.059375 0.0828125
3 0.20390625 0.13671875 0.0515625 0.0421875
3 0.43125 0.13046875 0.015625 0.0484375
8 0.621875 0.1125 0.259375 0.225
0 0.5953125 0.1921875 0.0734375 0.0421875
0 0.68828125 0.2015625 0.09375 0.040625
3 0.72265625 0.040625 0.0375 0.046875
3 0.5484375 0.04609375 0.05 0.04375
5 0.10390625 0.57421875 0.0859375 0.0859375
10 0.13203125 0.8234375 0.1640625 0.265625
8 0.171875 0.75390625 0.34375 0.4921875
5 0.90546875 0.44609375 0.1890625 0.0546875
10 0.9234375 0.64609375 0.153125 0.2515625
8 0.8671875 0.709375 0.265625 0.58125
7 0.88046875 0.49609375 0.0953125 0.05
3 0.77109375 0.7828125 0.0734375 0.0734375
3 0.95234375 0.8078125 0.0953125 0.09375