10 0.28046875 0.33359375 0.2953125 0.2515625
5 0.28203125 0.0984375 0.1703125 0.0765625
8 0.2796875 0.309375 0.43125 0.5
10 0.60234375 0.1265625 0.1453125 0.140625
0 0.5671875 0.33671875 0.05625 0.0828125
0 0.61484375 0.32109375 0.0390625 0.0703125
5 0.59921875 0.0078125 0.0890625 0.015625
2 0.5984375 0.02109375 0.0625 0.0171875
3 0.70703125 0.20703125 0.0328125 0.0390625
10 0.1 0.6109375 0.140625 0.103125
0 0.11015625 0.79375 0.0671875 0.078125
0 0.04375 0.78359375 0.05 0.0671875
3 0.02890625 0.67578125 0.0421875 0.0453125
3 0.18671875 0.6765625 0.0328125 0.04375
10 0.65234375 0.665625 0.1359375 0.11875
0 0.70859375 0.846875 0.0609375 0.065625
0 0.63515625 0.84765625 0.0421875 0.0671875
5 0.63828125 0.56796875 0.0828125 0.0171875
3 0.58046875 0.74609375 0.0421875 0.0359375
3 0.72890625 0.7296875 0.0328125 0.040625
2 0.64921875 0.5796875 0.0609375 0.0125