10 0.2546875 0.09609375 0.271875 0.1921875
0 0.34140625 0.42578125 0.1953125 0.1421875
0 0.209375 0.46796875 0.159375 0.1609375
8 0.24140625 0.275 0.4546875 0.55
10 0.61484375 0.13828125 0.2921875 0.2703125
0 0.71953125 0.4921875 0.1296875 0.115625
0 0.54296875 0.4984375 0.0921875 0.103125
8 0.65078125 0.275 0.3640625 0.55
10 0.37890625 0.6875 0.1796875 0.165625
0 0.3421875 0.9125 0.0875 0.08125
0 0.44296875 0.93984375 0.0515625 0.0984375
5 0.3765625 0.5578125 0.109375 0.015625
3 0.25 0.7890625 0.04375 0.046875
2 0.375 0.56875 0.09375 0.015625
0 0.815625 0.61875 0.075 0.09375
0 0.890625 0.60078125 0.053125 0.0640625