10 0.13828125 0.27578125 0.2765625 0.2953125
0 0.065625 0.6703125 0.128125 0.11875
0 0.2328125 0.65625 0.171875 0.146875
5 0.09375 0.02578125 0.1875 0.0515625
8 0.1796875 0.36484375 0.359375 0.7296875
10 0.71171875 0.23125 0.275 0.265625
0 0.63515625 0.59375 0.1109375 0.14375
0 0.7953125 0.6015625 0.096875 0.15
5 0.696875 0.01640625 0.184375 0.0328125
8 0.70625 0.3515625 0.4125 0.703125
0 0.14140625 0.9046875 0.0421875 0.078125
0 0.18984375 0.90390625 0.0421875 0.0765625
8 0.16875 0.8421875 0.3375 0.225