10 0.26953125 0.30390625 0.2203125 0.1921875
0 0.30859375 0.56328125 0.0703125 0.0890625
0 0.2265625 0.58671875 0.084375 0.0859375
5 0.275 0.1328125 0.125 0.0625
2 0.2828125 0.17109375 0.0875 0.0203125
3 0.13671875 0.42578125 0.0578125 0.0609375
3 0.41796875 0.41953125 0.0234375 0.0640625
10 0.72109375 0.19765625 0.1890625 0.1671875
0 0.7578125 0.46328125 0.071875 0.1140625
0 0.6421875 0.42890625 0.059375 0.0765625
5 0.74140625 0.0578125 0.11875 0.0703125
8 0.7203125 0.278125 0.3265625 0.521875
0 0.9328125 0.76875 0.134375 0.13125