10 0.2953125 0.24765625 0.178125 0.171875
5 0.315625 0.125 0.128125 0.0765625
8 0.29140625 0.278125 0.2953125 0.403125
3 0.2078125 0.35625 0.0578125 0.05625
0 0.7546875 0.1265625 0.046875 0.075
0 0.81640625 0.11953125 0.0640625 0.0734375
3 0.73359375 0.01015625 0.0484375 0.0203125
3 0.9046875 0.0125 0.03125 0.025
10 0.07265625 0.58203125 0.1453125 0.1671875
0 0.0875 0.84765625 0.071875 0.1140625
2 0.0734375 0.48359375 0.078125 0.0078125
3 0.1796875 0.6890625 0.0375 0.053125
10 0.75859375 0.57421875 0.1609375 0.1890625
8 0.7546875 0.73984375 0.490625 0.5203125