10 0.2703125 0.246875 0.196875 0.2
8 0.2328125 0.31171875 0.271875 0.5546875
5 0.2703125 0.0796875 0.15625 0.0734375
0 0.24453125 0.565625 0.0859375 0.046875
0 0.303125 0.50546875 0.0984375 0.075
3 0.15546875 0.3765625 0.0671875 0.0625
7 0.296875 0.1296875 0.06875 0.03125
10 0.675 0.2140625 0.3 0.259375
0 0.7828125 0.54765625 0.10625 0.0828125
0 0.61640625 0.54921875 0.0953125 0.0796875
8 0.675 0.29453125 0.421875 0.5890625
10 0.71015625 0.93515625 0.2609375 0.1296875
5 0.73125 0.765625 0.240625 0.103125
2 0.7875 0.8125 0.0875 0.028125