0 0.25625 0.48359375 0.109375 0.0328125
10 0.31015625 0.203125 0.2453125 0.221875
0 0.384375 0.47109375 0.16875 0.0578125
5 0.2890625 0.01484375 0.153125 0.0296875
2 0.31171875 0.0359375 0.1140625 0.021875
3 0.22421875 0.346875 0.0765625 0.053125
3 0.44140625 0.315625 0.0453125 0.065625
3 0.834375 0.09609375 0.33125 0.1921875
3 0.834375 0.384375 0.33125 0.23125
10 0.334375 0.55625 0.23125 0.1125
8 0.32890625 0.6984375 0.3734375 0.396875
3 0.21796875 0.63671875 0.0703125 0.0671875
3 0.47265625 0.63125 0.065625 0.0671875
0 0.275 0.8390625 0.1015625 0.053125
0 0.41875 0.83203125 0.109375 0.0578125
10 0.84375 0.690625 0.1625 0.2328125
5 0.80859375 0.51953125 0.1859375 0.0390625
8 0.82734375 0.75 0.3140625 0.5
3 0.80390625 0.84921875 0.0890625 0.078125
3 0.95 0.80546875 0.0546875 0.065625
7 0.85390625 0.55703125 0.0875 0.0390625