8 0.31484375 0.25 0.3046875 0.5
10 0.315625 0.1140625 0.246875 0.228125
0 0.33046875 0.478125 0.1984375 0.04375
0 0.40078125 0.4453125 0.1296875 0.053125
3 0.34921875 0.26328125 0.0890625 0.071875
10 0.73125 0.20859375 0.04375 0.1390625
0 0.72265625 0.41875 0.0265625 0.078125
8 0.7609375 0.2625 0.103125 0.40625
10 0.371875 0.5953125 0.15 0.140625
0 0.3109375 0.78203125 0.078125 0.0703125
0 0.40546875 0.8109375 0.0609375 0.08125
8 0.36953125 0.67734375 0.2484375 0.3546875
0 0.73828125 0.8125 0.0578125 0.153125
8 0.79921875 0.69453125 0.1796875 0.3890625