10 0.1140625 0.29453125 0.228125 0.2109375
5 0.0921875 0.08984375 0.184375 0.0671875
2 0.12109375 0.13125 0.1078125 0.01875
8 0.85859375 0.04375 0.1890625 0.0875
10 0.3625 0.70546875 0.075 0.2921875
5 0.36171875 0.43359375 0.0765625 0.0671875
8 0.309375 0.7 0.18125 0.6
10 0.70859375 0.66953125 0.2109375 0.1890625
0 0.665625 0.95546875 0.075 0.0890625
0 0.7359375 0.92109375 0.071875 0.1046875
5 0.71953125 0.50390625 0.1328125 0.0640625
3 0.5828125 0.78828125 0.053125 0.0609375
3 0.8703125 0.7875 0.046875 0.06875
2 0.71796875 0.540625 0.0921875 0.021875