0 0.4 0.2671875 0.096875 0.153125
0 0.24296875 0.253125 0.121875 0.146875
8 0.3234375 0.18046875 0.409375 0.3609375
10 0.9234375 0.140625 0.153125 0.25
8 0.8046875 0.24453125 0.390625 0.4890625
10 0.16875 0.59921875 0.309375 0.2203125
0 0.1078125 0.9484375 0.121875 0.103125
0 0.271875 0.93515625 0.178125 0.1296875
8 0.20390625 0.74453125 0.4078125 0.5109375
10 0.86015625 0.7046875 0.15625 0.1546875
5 0.85859375 0.57265625 0.1046875 0.04375
8 0.8625 0.7765625 0.259375 0.446875
0 0.8265625 0.94296875 0.078125 0.0484375
0 0.93125 0.95546875 0.11875 0.0515625
3 0.790625 0.80078125 0.0671875 0.040625
3 0.9640625 0.79296875 0.05 0.04375
7 0.86640625 0.61796875 0.05625 0.021875