10 0.3890625 0.246875 0.15 0.1421875
8 0.3890625 0.30234375 0.2421875 0.403125
5 0.3828125 0.13046875 0.1109375 0.05625
3 0.28984375 0.31796875 0.0390625 0.034375
3 0.4921875 0.32890625 0.04375 0.0421875
0 0.3640625 0.4546875 0.0828125 0.04375
0 0.46875 0.475 0.0640625 0.053125
10 0.64609375 0.15625 0.1328125 0.3125
0 0.67421875 0.5484375 0.1890625 0.134375
0 0.609375 0.6046875 0.059375 0.171875
8 0.68984375 0.353125 0.2203125 0.70625
0 0.4484375 0.7890625 0.10625 0.1
0 0.37578125 0.8265625 0.0953125 0.11875
0 0.8265625 0.8515625 0.0875 0.08125
0 0.95078125 0.87890625 0.0984375 0.0984375
3 0.734375 0.7453125 0.04375 0.0125
3 0.978125 0.7453125 0.04375 0.0125