10 0.1328125 0.13125 0.265625 0.246875
0 0.16875 0.46171875 0.1 0.1328125
0 0.04375 0.52578125 0.0875 0.1703125
8 0.1953125 0.30625 0.390625 0.6125
10 0.6296875 0.240625 0.2609375 0.26875
5 0.64140625 0.03359375 0.2078125 0.0671875
8 0.70390625 0.325 0.4296875 0.65
7 0.6734375 0.08359375 0.1015625 0.0453125
3 0.50625 0.415625 0.034375 0.08125
3 0.86640625 0.38828125 0.090625 0.0875
0 0.4703125 0.66640625 0.0375 0.0328125
10 0.8984375 0.9546875 0.203125 0.090625
5 0.9140625 0.8046875 0.171875 0.103125
2 0.98046875 0.8515625 0.0390625 0.028125