10 0.38828125 0.021875 0.1828125 0.04375
0 0.37734375 0.25390625 0.0953125 0.1234375
0 0.4203125 0.19921875 0.059375 0.0921875
8 0.35546875 0.1640625 0.2484375 0.328125
10 0.77734375 0.14765625 0.1875 0.178125
5 0.7734375 0.0171875 0.11875 0.034375
8 0.77265625 0.275 0.3078125 0.55
0 0.7328125 0.3890625 0.09375 0.05
0 0.85703125 0.428125 0.1140625 0.065625
3 0.64609375 0.24921875 0.0625 0.0640625
3 0.90390625 0.24609375 0.05625 0.0625
7 0.77265625 0.04609375 0.0671875 0.0265625
10 0.26875 0.64609375 0.15 0.1453125
0 0.21640625 0.86640625 0.0890625 0.0828125
0 0.303125 0.85625 0.059375 0.075
3 0.18203125 0.73515625 0.0390625 0.0390625
3 0.34375 0.73984375 0.046875 0.0484375
10 0.6 0.6828125 0.225 0.265625