10 0.11328125 0.2015625 0.2265625 0.265625
8 0.1546875 0.21953125 0.309375 0.4390625
10 0.74375 0.025 0.165625 0.05
8 0.753125 0.13515625 0.26875 0.2703125
0 0.6859375 0.2 0.065625 0.0421875
0 0.79375 0.221875 0.1296875 0.0546875
3 0.65 0.0625 0.0515625 0.04375
3 0.86953125 0.0578125 0.0484375 0.0578125
10 0.08359375 0.52734375 0.1671875 0.1640625
0 0.02109375 0.7453125 0.0421875 0.075
0 0.10859375 0.77734375 0.0640625 0.1046875
3 0.19296875 0.63046875 0.0453125 0.0546875
10 0.6046875 0.528125 0.271875 0.178125
0 0.70234375 0.83671875 0.1109375 0.1390625
0 0.55234375 0.840625 0.0953125 0.134375
8 0.61171875 0.684375 0.4140625 0.490625