0 0.0984375 0.0234375 0.05625 0.046875
0 0.14453125 0.0125 0.0390625 0.025
10 0.87578125 0.31171875 0.2359375 0.1765625
5 0.89765625 0.13203125 0.1359375 0.0609375
2 0.9 0.1703125 0.115625 0.025
8 0.45 0.62421875 0.16875 0.265625
10 0.4453125 0.590625 0.0953125 0.090625
0 0.38828125 0.6484375 0.03125 0.028125
0 0.51796875 0.64375 0.028125 0.03125
5 0.4421875 0.5078125 0.05625 0.028125
8 0.6296875 0.6140625 0.140625 0.428125
10 0.6203125 0.465625 0.121875 0.13125
3 0.59453125 0.56796875 0.0703125 0.0671875
0 0.61171875 0.79296875 0.1046875 0.0671875
0 0.646875 0.75078125 0.13125 0.05625