8 0.33203125 0.23046875 0.2140625 0.4609375
10 0.3578125 0.109375 0.1625 0.2
0 0.325 0.39375 0.0890625 0.115625
10 0.78125 0.03828125 0.15625 0.0765625
8 0.75390625 0.29453125 0.3015625 0.5890625
3 0.753125 0.10625 0.0859375 0.0703125
0 0.7453125 0.3265625 0.184375 0.065625
0 0.82734375 0.290625 0.1609375 0.0546875
10 0.2484375 0.82890625 0.259375 0.2140625
5 0.2265625 0.6359375 0.14375 0.059375
3 0.11796875 0.96328125 0.0578125 0.0546875
3 0.36875 0.96328125 0.075 0.0640625
2 0.21875 0.67578125 0.11875 0.0203125
10 0.625 0.6859375 0.234375 0.19375
0 0.58984375 0.96015625 0.0921875 0.0796875
0 0.728125 0.96171875 0.1 0.0765625
3 0.5125 0.81171875 0.059375 0.0515625
3 0.75703125 0.80625 0.0671875 0.0625