0 0.28828125 0.17734375 0.0703125 0.0921875
0 0.4015625 0.17421875 0.090625 0.0921875
3 0.2171875 0.03515625 0.059375 0.0546875
3 0.4265625 0.0234375 0.071875 0.046875
8 0.84609375 0.09453125 0.1546875 0.1890625
0 0.83125 0.1109375 0.125 0.121875
10 0.3859375 0.67109375 0.259375 0.2140625
0 0.46953125 0.96171875 0.0890625 0.0765625
0 0.32265625 0.96015625 0.0921875 0.0796875
5 0.3640625 0.47890625 0.14375 0.0578125
2 0.35625 0.5140625 0.1125 0.021875
3 0.25390625 0.803125 0.0578125 0.059375
3 0.50859375 0.803125 0.0609375 0.0625
3 0.90078125 0.86484375 0.1984375 0.2703125