10 0.171875 0.1796875 0.13125 0.121875
0 0.15703125 0.35859375 0.05625 0.0734375
0 0.2109375 0.353125 0.059375 0.0625
5 0.16328125 0.08125 0.0921875 0.0453125
8 0.16953125 0.228125 0.20625 0.3546875
10 0.65703125 0.10625 0.3140625 0.2125
0 0.54609375 0.4375 0.1203125 0.14375
0 0.725 0.48359375 0.109375 0.1703125
3 0.61171875 0.08515625 0.1734375 0.0578125
3 0.6609375 0.15390625 0.146875 0.0578125
0 0.12109375 0.67734375 0.0609375 0.0359375
0 0.209375 0.69609375 0.071875 0.0734375
10 0.80703125 0.7171875 0.2609375 0.115625
0 0.7640625 0.98359375 0.171875 0.0328125
3 0.653125 0.83125 0.103125 0.071875
3 0.95625 0.7671875 0.05 0.075