10 0.46796875 0.23203125 0.1421875 0.1265625
0 0.446875 0.42421875 0.0625 0.0703125
0 0.54453125 0.42890625 0.0671875 0.0671875
5 0.46328125 0.115625 0.1015625 0.040625
3 0.37734375 0.3078125 0.0328125 0.040625
3 0.5609375 0.3109375 0.0375 0.04375
2 0.44140625 0.1390625 0.0609375 0.015625
10 0.928125 0.27109375 0.14375 0.2953125
0 0.93828125 0.653125 0.1234375 0.09375
5 0.92890625 0.0234375 0.1421875 0.046875
8 0.87734375 0.35 0.2453125 0.7
10 0.78828125 0.95625 0.2203125 0.0875
5 0.79609375 0.8328125 0.1546875 0.071875
2 0.8 0.86875 0.125 0.01875