10 0.0828125 0.34296875 0.165625 0.2140625
5 0.0546875 0.1625 0.109375 0.075
8 0.115625 0.3625 0.23125 0.453125
7 0.04609375 0.2171875 0.0921875 0.04375
3 0.1859375 0.4640625 0.06875 0.0640625
10 0.86328125 0.165625 0.2734375 0.26875
0 0.8515625 0.54375 0.16875 0.090625
3 0.71328125 0.34921875 0.0890625 0.0734375
0 0.30546875 0.59609375 0.0390625 0.0140625
0 0.3796875 0.60390625 0.065625 0.0296875
10 0.61796875 0.9109375 0.2109375 0.178125
5 0.62265625 0.7453125 0.1328125 0.0609375
8 0.6328125 0.85625 0.334375 0.2875