0 0.3234375 0.23125 0.11875 0.159375
8 0.27734375 0.16640625 0.2828125 0.3328125
0 0.659375 0.146875 0.071875 0.084375
0 0.7484375 0.14921875 0.06875 0.0859375
3 0.55546875 0.01875 0.0359375 0.0375
3 0.8140625 0.01796875 0.04375 0.0359375
10 0.3453125 0.83046875 0.146875 0.1859375
5 0.37265625 0.6734375 0.0921875 0.059375
2 0.3828125 0.71015625 0.071875 0.0203125
3 0.2453125 0.94296875 0.05 0.0578125
10 0.565625 0.56015625 0.29375 0.2421875
0 0.49140625 0.91328125 0.0921875 0.1453125
0 0.65078125 0.9171875 0.10625 0.146875
8 0.59921875 0.71796875 0.3609375 0.5578125