10 0.22734375 0.265625 0.1234375 0.1875
0 0.27421875 0.49921875 0.0296875 0.0609375
5 0.24140625 0.09375 0.0953125 0.0625
8 0.19453125 0.290625 0.1890625 0.478125
10 0.753125 0.0671875 0.296875 0.134375
0 0.6765625 0.40390625 0.1 0.1640625
0 0.81328125 0.3375 0.0921875 0.11875
3 0.5625 0.17734375 0.08125 0.0765625
3 0.96015625 0.1484375 0.0578125 0.075
10 0.6296875 0.6359375 0.25625 0.2125
0 0.7328125 0.94921875 0.184375 0.1015625
0 0.475 0.9359375 0.2 0.121875
8 0.603125 0.76484375 0.490625 0.4703125