10 0.09140625 0.19296875 0.1828125 0.1984375
0 0.1046875 0.4421875 0.10625 0.075
0 0.03984375 0.46171875 0.0796875 0.0359375
5 0.05546875 0.0234375 0.1109375 0.046875
2 0.05625 0.0453125 0.1 0.025
3 0.21015625 0.30234375 0.0390625 0.0578125
10 0.534375 0.15390625 0.128125 0.1234375
0 0.49296875 0.31796875 0.0453125 0.0609375
0 0.57578125 0.3328125 0.0546875 0.065625
5 0.5359375 0.05390625 0.075 0.0390625
3 0.46640625 0.23046875 0.0328125 0.0328125
3 0.6125 0.225 0.028125 0.0375
2 0.53203125 0.078125 0.0515625 0.009375
10 0.16796875 0.546875 0.1890625 0.134375
0 0.2328125 0.7734375 0.075 0.0875
0 0.146875 0.7546875 0.059375 0.078125
3 0.07734375 0.63828125 0.0515625 0.0484375
3 0.275 0.62890625 0.04375 0.0484375
10 0.81875 0.4953125 0.125 0.03125
0 0.7984375 0.6359375 0.053125 0.078125
0 0.8359375 0.61796875 0.04375 0.0609375
3 0.7421875 0.5296875 0.034375 0.028125
3 0.91171875 0.52734375 0.0296875 0.0390625