10 0.16484375 0.01484375 0.1328125 0.0296875
0 0.146875 0.1515625 0.046875 0.06875
0 0.1890625 0.140625 0.05 0.05625
3 0.08046875 0.0515625 0.0390625 0.046875
3 0.24765625 0.0421875 0.0453125 0.04375
10 0.69296875 0.0875 0.1671875 0.175
0 0.78671875 0.39140625 0.1359375 0.0953125
3 0.83828125 0.18984375 0.0703125 0.0828125
10 0.4390625 0.50234375 0.234375 0.1265625
0 0.3375 0.75546875 0.184375 0.1109375
0 0.50390625 0.8 0.1953125 0.11875
3 0.43359375 0.61875 0.0859375 0.071875
10 0.78671875 0.53203125 0.2140625 0.1859375
8 0.79609375 0.68671875 0.3640625 0.4953125
3 0.6640625 0.6484375 0.06875 0.0609375
0 0.76640625 0.86484375 0.0890625 0.0640625
3 0.959375 0.625 0.059375 0.0703125