9 0.41484375 0.259375 0.3484375 0.51875
11 0.40390625 0.15078125 0.240625 0.246875
4 0.2796875 0.296875 0.071875 0.078125
4 0.5125 0.30859375 0.1046875 0.0796875
1 0.36953125 0.49765625 0.1359375 0.0421875
1 0.5015625 0.5046875 0.121875 0.028125
7 0.37578125 0.01640625 0.0890625 0.0328125
3 0.7703125 0.31015625 0.3625 0.3546875
8 0.29921875 0.58515625 0.3140625 0.1328125
0 0.28359375 0.61796875 0.0890625 0.05
0 0.4109375 0.62109375 0.08125 0.04375
10 0.6703125 0.6703125 0.1625 0.175
0 0.7515625 0.91953125 0.090625 0.0953125
0 0.634375 0.925 0.071875 0.096875
5 0.63046875 0.528125 0.0828125 0.01875
8 0.70078125 0.74921875 0.2234375 0.4609375