10 0.18125 0.0203125 0.1875 0.040625
0 0.121875 0.178125 0.0625 0.084375
0 0.23984375 0.2140625 0.0921875 0.10625
8 0.1796875 0.13828125 0.290625 0.2765625
5 0.76796875 0.03671875 0.0734375 0.0734375
10 0.78984375 0.2546875 0.1484375 0.21875
8 0.76015625 0.26484375 0.4421875 0.5296875
0 0.15703125 0.6125 0.059375 0.08125
0 0.25 0.61875 0.0671875 0.078125
5 0.20546875 0.59375 0.2734375 0.128125
5 0.5796875 0.59140625 0.090625 0.1234375
5 0.89609375 0.6078125 0.08125 0.1046875
5 0.715625 0.71953125 0.11875 0.190625
10 0.4796875 0.8 0.040625 0.325
10 0.590625 0.8015625 0.1421875 0.2453125
10 0.8921875 0.853125 0.1515625 0.2890625
10 0.73984375 0.928125 0.2015625 0.14375