10 0.3953125 0.07421875 0.16875 0.1484375
0 0.4328125 0.384375 0.09375 0.146875
8 0.36796875 0.23984375 0.2234375 0.4796875
0 0.728125 0.3765625 0.04375 0.06875
0 0.775 0.38046875 0.04375 0.0578125
8 0.728125 0.2109375 0.25625 0.421875
10 0.42109375 0.803125 0.1171875 0.26875
5 0.44296875 0.559375 0.0734375 0.09375
3 0.34921875 0.975 0.0890625 0.05
10 0.7265625 0.66953125 0.18125 0.1734375
0 0.68515625 0.94453125 0.0703125 0.1109375
0 0.7390625 0.91796875 0.05625 0.0921875
5 0.7359375 0.50859375 0.1125 0.0515625
3 0.6265625 0.78203125 0.053125 0.0484375
3 0.85234375 0.76953125 0.0390625 0.0515625
2 0.7453125 0.5359375 0.09375 0.021875