10 0.25 0.3859375 0.25 0.259375
5 0.2515625 0.153125 0.196875 0.0921875
8 0.246875 0.36953125 0.35625 0.5390625
10 0.65859375 0.16953125 0.2171875 0.2515625
0 0.5734375 0.53515625 0.046875 0.1453125
0 0.71796875 0.52734375 0.121875 0.1484375
8 0.6984375 0.31015625 0.296875 0.6203125
5 0.09140625 0.66484375 0.0984375 0.0515625
10 0.0984375 0.8765625 0.15625 0.234375
8 0.1171875 0.81953125 0.234375 0.3609375
10 0.76015625 0.73359375 0.1859375 0.1671875
0 0.6734375 0.96015625 0.05625 0.0796875
0 0.80078125 0.96953125 0.0828125 0.0609375
3 0.65546875 0.8453125 0.0546875 0.05
3 0.8609375 0.8390625 0.04375 0.046875