10 0.24140625 0.2296875 0.2140625 0.175
0 0.3484375 0.47890625 0.090625 0.0953125
0 0.23125 0.484375 0.071875 0.096875
5 0.2109375 0.071875 0.115625 0.05
8 0.25078125 0.290625 0.31875 0.496875
10 0.72109375 0.075 0.1515625 0.15
8 0.73125 0.275 0.225 0.55
3 0.68828125 0.18125 0.0828125 0.0671875
0 0.69453125 0.39765625 0.1515625 0.0796875
0 0.76875 0.3640625 0.153125 0.0515625
5 0.20234375 0.58359375 0.1265625 0.0671875
10 0.221875 0.7328125 0.2 0.1875
8 0.21875 0.775 0.309375 0.45
3 0.12265625 0.8484375 0.0578125 0.05
3 0.3265625 0.8421875 0.0703125 0.0515625
8 0.81171875 0.628125 0.3140625 0.15625
0 0.7890625 0.67734375 0.0765625 0.0515625
0 0.91875 0.6703125 0.08125 0.0453125