10 0.29921875 0.29453125 0.1390625 0.1578125
0 0.29375 0.51171875 0.0609375 0.0796875
0 0.3578125 0.54140625 0.021875 0.0953125
5 0.31484375 0.15390625 0.1078125 0.0484375
8 0.284375 0.35625 0.16875 0.465625
10 0.76875 0.26171875 0.1625 0.165625
8 0.765625 0.31953125 0.2453125 0.4546875
5 0.7546875 0.1265625 0.128125 0.0609375
3 0.8546875 0.3484375 0.0609375 0.0609375
0 0.73515625 0.5140625 0.0890625 0.04375
0 0.8140625 0.49375 0.0671875 0.04375
10 0.24296875 0.81171875 0.1421875 0.1203125
0 0.2109375 0.98203125 0.059375 0.0359375
0 0.26796875 0.975 0.0609375 0.05
5 0.23203125 0.72109375 0.0953125 0.0234375
2 0.2375 0.73125 0.059375 0.0125
3 0.1578125 0.8953125 0.040625 0.03125
3 0.32421875 0.884375 0.0265625 0.040625
0 0.546875 0.7921875 0.046875 0.065625
0 0.48828125 0.784375 0.0390625 0.059375