10 0.1609375 0.1796875 0.1375 0.128125
0 0.19453125 0.3734375 0.0671875 0.071875
0 0.1265625 0.359375 0.04375 0.059375
5 0.159375 0.065625 0.090625 0.0375
3 0.25234375 0.2546875 0.0265625 0.040625
3 0.090625 0.2578125 0.0375 0.0375
2 0.17109375 0.08359375 0.0546875 0.0140625
10 0.6484375 0.10546875 0.271875 0.2109375
0 0.66953125 0.4875 0.1703125 0.14375
0 0.57890625 0.41640625 0.0609375 0.1234375
8 0.71796875 0.2796875 0.4578125 0.559375
10 0.23359375 0.87734375 0.2421875 0.2453125
5 0.21015625 0.6453125 0.2078125 0.08125
2 0.16875 0.69375 0.1 0.034375
10 0.959375 0.86484375 0.08125 0.1203125
5 0.965625 0.76171875 0.06875 0.0484375
2 0.97734375 0.784375 0.0453125 0.0125
3 0.9046875 0.9484375 0.040625 0.03125