10 0.18125 0.2296875 0.3 0.259375
5 0.1578125 0.01171875 0.16875 0.0234375
8 0.19609375 0.19453125 0.3921875 0.3890625
10 0.9625 0.084375 0.075 0.16875
0 0.9421875 0.33203125 0.078125 0.0890625
3 0.8984375 0.19296875 0.046875 0.0515625
5 0.12265625 0.4359375 0.0828125 0.0875
10 0.14921875 0.6578125 0.1609375 0.25625
8 0.15078125 0.69453125 0.3015625 0.6109375
10 0.65078125 0.6296875 0.1015625 0.128125
0 0.64140625 0.825 0.0671875 0.078125
5 0.64765625 0.51328125 0.0859375 0.0328125
2 0.6515625 0.53359375 0.05625 0.0140625
3 0.7171875 0.71015625 0.021875 0.0421875