10 0.7 0.228125 0.221875 0.2234375
8 0.68671875 0.2078125 0.3484375 0.403125
3 0.596875 0.371875 0.084375 0.0734375
5 0.68828125 0.0421875 0.1609375 0.084375
3 0.83203125 0.3546875 0.0671875 0.0765625
7 0.70859375 0.0984375 0.0953125 0.04375
10 0.078125 0.684375 0.15625 0.215625
0 0.1109375 0.96171875 0.153125 0.0765625
5 0.0484375 0.4859375 0.096875 0.06875
3 0.16953125 0.80390625 0.0453125 0.0609375
2 0.053125 0.5234375 0.10625 0.021875
3 0.484375 0.7046875 0.43125 0.590625
3 0.93671875 0.8765625 0.1265625 0.246875