10 0.1328125 0.18828125 0.2 0.1875
8 0.14765625 0.234375 0.2953125 0.46875
5 0.13671875 0.03359375 0.1265625 0.0671875
3 0.01875 0.29375 0.0375 0.0625
0 0.16640625 0.45859375 0.1078125 0.0203125
0 0.04140625 0.45 0.0796875 0.0375
10 0.6859375 0.12109375 0.25 0.2421875
0 0.69296875 0.45 0.1703125 0.0375
0 0.621875 0.4296875 0.171875 0.078125
8 0.6828125 0.234375 0.35625 0.46875
10 0.1015625 0.59140625 0.1875 0.184375
8 0.13515625 0.6859375 0.2703125 0.434375
3 0.009375 0.7015625 0.01875 0.0625
0 0.125 0.890625 0.0953125 0.0546875
0 0.028125 0.84609375 0.05625 0.0640625
3 0.234375 0.696875 0.05 0.05625
7 0.1203125 0.49453125 0.0640625 0.025
0 0.72578125 0.54140625 0.0609375 0.0734375
0 0.79765625 0.54453125 0.0609375 0.0765625