0 0.4578125 0.05234375 0.046875 0.0578125
5 0.8609375 0.08359375 0.11875 0.1671875
10 0.57265625 0.1578125 0.1453125 0.315625
10 0.7359375 0.1546875 0.1421875 0.246875
10 0.98046875 0.20546875 0.0390625 0.2890625
10 0.88515625 0.3796875 0.2015625 0.340625
0 0.11328125 0.6046875 0.0390625 0.05625
0 0.1859375 0.61640625 0.065625 0.0640625
10 0.58984375 0.60078125 0.1796875 0.1015625
0 0.51640625 0.91796875 0.0328125 0.1578125
0 0.6359375 0.8859375 0.171875 0.15
8 0.63203125 0.77109375 0.2640625 0.4421875