10 0.13203125 0.06640625 0.1609375 0.1328125
8 0.13125 0.16484375 0.259375 0.3296875
0 0.1046875 0.296875 0.0734375 0.0421875
0 0.19765625 0.30625 0.09375 0.040625
3 0.23203125 0.1453125 0.0375 0.046875
3 0.0578125 0.15078125 0.05 0.04375
0 0.625 0.3046875 0.184375 0.121875
0 0.56796875 0.25234375 0.1203125 0.1203125
8 0.6296875 0.18515625 0.296875 0.3703125
10 0.1078125 0.56171875 0.215625 0.2046875
0 0.17734375 0.88359375 0.1109375 0.1390625
0 0.0375 0.8875 0.075 0.134375
8 0.146875 0.71796875 0.29375 0.5171875
10 0.7453125 0.55234375 0.290625 0.1859375
0 0.55390625 0.8734375 0.196875 0.140625
0 0.74296875 0.87421875 0.159375 0.1390625
8 0.70078125 0.709375 0.5265625 0.5