10 0.13671875 0.18984375 0.2734375 0.2515625
8 0.1703125 0.21953125 0.340625 0.4390625
0 0.74609375 0.1546875 0.0671875 0.071875
0 0.67890625 0.140625 0.0421875 0.059375
3 0.64609375 0.040625 0.0421875 0.0375
3 0.8015625 0.03828125 0.025 0.0421875
10 0.45 0.53515625 0.2109375 0.1890625
0 0.415625 0.81484375 0.08125 0.1078125
0 0.5234375 0.81953125 0.090625 0.1078125
8 0.4328125 0.6625 0.271875 0.446875
10 0.94609375 0.48203125 0.1078125 0.0859375
0 0.96953125 0.65625 0.0609375 0.078125
0 0.90625 0.64609375 0.05 0.0671875
3 0.890625 0.53984375 0.040625 0.0390625