10 0.0484375 0.20078125 0.096875 0.0921875
0 0.0828125 0.34453125 0.05625 0.0578125
0 0.01484375 0.33046875 0.0296875 0.0453125
5 0.0453125 0.11875 0.0625 0.03125
2 0.046875 0.13359375 0.053125 0.0078125
3 0.009375 0.25703125 0.01875 0.0265625
3 0.09765625 0.253125 0.0203125 0.025
0 0.63671875 0.3546875 0.1203125 0.190625
0 0.83046875 0.4171875 0.1015625 0.065625
10 0.07265625 0.6359375 0.1453125 0.246875
0 0.08359375 0.959375 0.1140625 0.08125
2 0.03671875 0.45625 0.0734375 0.0125
3 0.15625 0.79375 0.071875 0.075
0 0.51484375 0.5859375 0.0609375 0.08125
0 0.41875 0.584375 0.059375 0.078125
3 0.36640625 0.4703125 0.0140625 0.040625
3 0.55703125 0.46640625 0.0421875 0.0328125