10 0.2875 0.06953125 0.25625 0.1390625
0 0.28515625 0.36953125 0.1859375 0.1140625
0 0.2625 0.31953125 0.165625 0.1015625
3 0.15234375 0.16015625 0.0921875 0.0765625
10 0.6640625 0.06015625 0.1328125 0.1109375
0 0.671875 0.2265625 0.0609375 0.071875
0 0.62734375 0.234375 0.05 0.06875
8 0.665625 0.13515625 0.221875 0.2703125
10 0.0734375 0.7609375 0.146875 0.146875
0 0.12109375 0.971875 0.1171875 0.05625
0 0.01484375 0.96796875 0.0296875 0.0640625
5 0.06796875 0.62421875 0.1078125 0.0453125
2 0.07421875 0.653125 0.0796875 0.0125
3 0.17109375 0.846875 0.0390625 0.046875
10 0.72421875 0.7953125 0.1140625 0.10625
0 0.690625 0.94765625 0.046875 0.0578125
0 0.7625 0.95625 0.065625 0.0625
5 0.7234375 0.70234375 0.084375 0.0328125
2 0.73203125 0.72109375 0.0609375 0.0109375
3 0.66640625 0.86328125 0.0359375 0.0296875