0 0.0484375 0.296875 0.096875 0.13125
3 0.01328125 0.084375 0.0265625 0.065625
10 0.56171875 0.12734375 0.2421875 0.2546875
0 0.4890625 0.48046875 0.159375 0.0390625
0 0.6578125 0.45234375 0.171875 0.0953125
3 0.58125 0.3140625 0.1 0.0875
10 0.328125 0.59453125 0.1625 0.1734375
0 0.29609375 0.86953125 0.0703125 0.1109375
0 0.35 0.84296875 0.05625 0.0921875
3 0.2375 0.70703125 0.053125 0.0484375
10 0.69921875 0.8109375 0.38125 0.321875
5 0.7125 0.534375 0.26875 0.06875
8 0.74375 0.75 0.465625 0.5