2 0.29921875 0.05546875 0.2015625 0.1109375
7 0.30546875 0.2171875 0.1890625 0.284375
8 0.2 0.1796875 0.4 0.359375
3 0.51171875 0.04140625 0.09375 0.0828125
8 0.6390625 0.16640625 0.384375 0.3328125
3 0.79609375 0.034375 0.0671875 0.06875
0 0.6984375 0.28203125 0.1125 0.0984375
0 0.54453125 0.21640625 0.0953125 0.084375
10 0.371875 0.48125 0.05625 0.15625
0 0.3640625 0.70703125 0.059375 0.0828125
3 0.32890625 0.58125 0.0515625 0.040625
10 0.56328125 0.52109375 0.1453125 0.1296875
0 0.5390625 0.71171875 0.059375 0.0671875
0 0.62734375 0.7046875 0.0671875 0.059375
5 0.55 0.40703125 0.1125 0.0484375
3 0.47265625 0.59609375 0.0296875 0.0328125
3 0.65078125 0.6 0.0421875 0.040625
2 0.53203125 0.4296875 0.0609375 0.015625