2 0.24921875 0.05 0.3484375 0.1
7 0.23828125 0.24453125 0.3 0.3609375
8 0.26953125 0.26484375 0.5390625 0.5296875
10 0.596875 0.2 0.115625 0.1875
0 0.55078125 0.48203125 0.0234375 0.0953125
0 0.58984375 0.440625 0.0890625 0.10625
5 0.5828125 0.03203125 0.0875 0.0640625
2 0.58125 0.06171875 0.084375 0.0171875
3 0.69140625 0.3046875 0.0359375 0.05625
10 0.44609375 0.73984375 0.1859375 0.2265625
8 0.40703125 0.76484375 0.2640625 0.4703125
5 0.4625 0.559375 0.153125 0.059375
3 0.3515625 0.87890625 0.0890625 0.0828125
7 0.48046875 0.6046875 0.0890625 0.03125
10 0.95546875 0.7203125 0.0890625 0.140625
0 0.953125 0.93046875 0.05625 0.0828125
0 0.990625 0.91484375 0.01875 0.0703125
5 0.9703125 0.59296875 0.059375 0.0328125
2 0.9765625 0.61484375 0.046875 0.0171875
3 0.8765625 0.80546875 0.034375 0.0390625