2 0.41953125 0.1609375 0.1609375 0.2875
10 0.81015625 0.32890625 0.2390625 0.1984375
0 0.8515625 0.575 0.10625 0.06875
0 0.77890625 0.59453125 0.0953125 0.0296875
5 0.7859375 0.15234375 0.14375 0.0609375
3 0.68046875 0.46953125 0.0734375 0.0578125
3 0.9578125 0.4375 0.04375 0.05625
2 0.8046875 0.18046875 0.103125 0.0234375
10 0.30390625 0.88515625 0.2609375 0.2265625
5 0.29921875 0.67265625 0.1765625 0.0671875
2 0.3625 0.71171875 0.06875 0.0265625
10 0.67421875 0.8703125 0.2453125 0.259375
5 0.61328125 0.6421875 0.1859375 0.065625
8 0.653125 0.8046875 0.30625 0.390625