3 0.051913 0.626168 0.060109 0.747664
3 0.132514 0.623832 0.090164 0.752336
3 0.254098 0.581776 0.136612 0.761682
3 0.435792 0.542056 0.177596 0.915888
3 0.601093 0.567757 0.153005 0.864486
3 0.719945 0.581776 0.095628 0.808411
3 0.825137 0.614486 0.087432 0.771028
3 0.927596 0.614486 0.095628 0.752336
0 0.053279 0.670561 0.051913 0.182243
0 0.181694 0.719626 0.101093 0.158879
0 0.442623 0.184579 0.098361 0.135514
0 0.653005 0.712617 0.081967 0.154206
0 0.775956 0.684579 0.071038 0.163551
0 0.871585 0.677570 0.060109 0.130841
0 0.954918 0.647196 0.073770 0.116822
2 0.122951 0.665888 0.109290 0.462617
2 0.021858 0.649533 0.021858 0.439252
2 0.240437 0.654206 0.180328 0.523364
2 0.431694 0.644860 0.185792 0.588785
2 0.591530 0.614486 0.155738 0.528037
2 0.730874 0.598131 0.150273 0.467290
2 0.827869 0.614486 0.092896 0.397196
2 0.918033 0.623832 0.087432 0.406542
