2 0.356250 0.666667 0.122500 0.253333
0 0.353125 0.500000 0.047500 0.070000
3 0.356250 0.684583 0.122500 0.400833
2 0.126562 0.708750 0.138125 0.302500
0 0.160000 0.479167 0.073750 0.060000
3 0.132500 0.728750 0.125000 0.542500
0 0.616875 0.490417 0.055000 0.062500
1 0.628125 0.709583 0.105000 0.225833
3 0.616563 0.643333 0.135625 0.378333
3 0.442812 0.608333 0.049375 0.305000
1 0.444688 0.563750 0.041875 0.100833
0 0.436250 0.475833 0.015000 0.021667
3 0.525000 0.622917 0.062500 0.292500
1 0.525000 0.571250 0.046250 0.104167
0 0.531250 0.482083 0.020000 0.029167
3 0.960938 0.672917 0.078125 0.415833
0 0.973437 0.487917 0.048125 0.045833
1 0.966562 0.654167 0.066875 0.198333
3 0.850625 0.665833 0.076250 0.366667
1 0.851562 0.607083 0.070625 0.157500
0 0.825000 0.491667 0.042500 0.045000
